100 200 51 5
5 46 47
46 43 64
51 26 16
51 32 85
5 9 35
26 88 83
5 61 97
43 50 19
51 29 9
88 66 34
43 8 40
61 34 38
43 97 82
9 58 37
32 60 97
32 61 94
61 51 90
97 60 39
32 94 60
29 88 97
50 95 28
94 99 86
43 30 90
60 26 100
30 96 60
58 67 29
5 37 27
29 1 57
32 87 39
1 76 34
26 69 41
61 83 4
34 57 57
61 63 26
51 38 48
99 65 37
29 48 92
51 82 52
43 56 97
51 65 41
96 71 99
51 62 8
95 98 80
97 98 47
30 92 1
88 42 43
94 55 39
55 8 0
48 11 5
61 35 60
69 53 21
94 23 92
58 39 7
38 20 85
55 40 48
39 47 42
9 94 94
20 46 14
94 25 14
62 27 56
51 95 96
48 52 67
83 74 9
1 28 8
61 82 16
27 21 51
82 67 80
29 89 54
48 76 79
27 95 56
82 5 26
99 15 63
5 57 39
46 48 63
65 57 5
82 65 4
38 44 69
89 57 85
65 87 56
60 15 77
83 64 25
74 94 22
63 9 97
56 17 56
58 76 84
71 37 92
11 15 45
69 11 53
53 25 65
88 52 44
96 11 52
66 72 12
94 12 99
53 63 18
9 89 91
52 21 81
1 35 35
25 100 53
94 26 95
87 89 86
88 17 21
44 36 8
97 35 0
36 81 0
96 53 66
37 18 64
76 64 66
36 95 77
8 54 51
98 84 55
53 64 97
57 33 55
87 15 71
53 51 49
35 22 83
61 6 16
60 94 31
5 90 57
30 64 65
30 94 62
69 70 43
9 62 38
26 77 95
15 56 26
99 78 28
98 1 98
46 40 99
60 21 52
34 19 12
33 16 86
63 18 95
5 34 83
94 93 74
8 84 98
43 7 39
65 2 33
18 91 7
37 2 27
69 20 64
52 7 78
72 67 49
76 15 7
35 85 77
34 46 66
63 3 56
37 98 83
81 47 100
11 21 45
62 72 50
64 98 12
60 44 42
15 67 1
51 77 69
89 46 98
76 34 2
58 39 58
30 7 33
83 37 27
38 31 21
98 76 61
61 56 63
53 90 6
63 95 63
55 44 48
25 14 58
82 43 12
11 60 67
26 88 24
15 43 53
26 92 65
34 15 61
11 60 29
96 33 26
65 64 25
18 10 34
54 65 13
10 98 58
93 17 93
72 4 61
16 21 47
84 11 69
96 73 82
47 57 42
40 44 30
17 95 76
90 73 71
76 12 23
40 86 13
94 58 16
15 94 79
95 37 47
64 82 85
65 48 25
65 27 7
62 21 57
62 66 56
10 66 18
65 10 45
36 84 67
64 84 9
