100 200 36 23
36 32 88
32 51 97
51 15 83
15 93 25
93 80 87
80 44 24
44 84 83
84 53 95
53 39 41
39 7 71
7 81 77
81 90 70
90 76 46
76 8 68
8 24 40
24 64 97
64 20 70
20 98 58
98 86 93
86 45 10
45 94 17
94 31 67
31 61 7
61 11 57
11 25 72
25 60 6
60 56 64
56 16 6
16 87 10
87 89 77
89 58 58
58 92 66
92 77 7
77 12 1
12 9 7
9 55 78
55 83 24
83 43 68
43 18 85
18 27 52
27 29 97
29 23 50
98 72 3
83 79 12
25 21 67
81 48 97
83 34 95
29 100 28
16 74 90
90 38 67
39 6 30
94 30 55
43 82 20
83 68 1
64 75 38
18 2 31
84 96 4
55 49 21
56 69 12
15 78 81
16 37 10
43 99 35
25 5 40
86 4 53
53 19 94
94 57 37
93 65 43
58 17 14
20 63 35
94 14 38
8 46 51
55 1 55
92 28 40
44 10 49
90 95 85
60 41 78
25 33 84
36 71 94
23 85 89
31 97 3
45 22 47
92 13 82
16 70 21
15 73 17
43 35 10
25 26 87
60 67 5
58 47 59
9 66 29
20 42 21
32 40 10
76 88 83
55 59 27
90 52 53
23 50 47
64 3 81
89 91 36
27 62 65
8 54 90
84 69 1138
41 18 473
6 12 1185
38 13 1004
39 34 1419
38 60 641
1 2 153
36 98 1220
90 48 27
98 99 830
78 68 1599
40 42 1085
20 18 938
64 61 322
86 55 610
96 5 1092
15 27 1884
48 16 751
94 92 490
48 4 498
6 11 818
72 61 191
53 50 1764
22 11 101
16 17 159
63 74 512
68 1 30
48 54 177
19 18 1424
91 68 206
21 58 154
18 29 149
7 3 479
51 8 770
71 13 1818
94 97 70
80 4 986
57 33 250
10 14 925
28 2 261
5 59 367
39 21 987
95 88 44
53 48 286
78 17 1429
51 80 195
36 16 1619
96 63 706
39 37 1006
19 31 731
57 31 30
57 89 329
93 69 1332
19 95 250
45 11 148
39 70 1017
97 1 568
81 64 321
32 27 2064
4 31 41
92 100 447
44 34 1638
93 47 1530
55 99 127
39 97 787
15 11 1203
73 47 1538
78 23 1950
88 98 250
81 83 1176
73 75 845
81 23 1528
51 98 1035
73 80 95
48 49 1076
88 31 437
76 99 1163
44 91 1338
65 78 13
3 83 774
30 31 12
38 8 47
46 22 364
77 28 33
88 45 353
31 62 810
80 100 1897
94 30 55
90 50 1505
77 85 551
24 60 554
78 23 1950
81 95 155
78 49 1595
56 34 429
48 24 127
48 67 686
8 17 823
29 85 139
93 52 601
18 62 117
