1000 2000 19 641
19 456 51
456 318 321
318 791 76
791 400 66
400 500 311
500 151 215
151 237 543
237 928 549
928 130 786
130 755 772
755 457 925
457 30 743
30 889 40
889 800 173
800 13 493
13 529 599
529 734 227
734 315 363
315 235 744
235 599 921
599 286 127
286 681 532
681 480 646
480 166 813
166 721 500
721 226 923
226 572 658
572 835 437
835 181 728
181 486 964
486 993 626
993 322 635
322 816 378
816 675 145
675 730 8
730 452 985
452 402 96
402 362 343
362 512 619
512 864 734
864 525 218
525 886 201
886 251 919
251 782 176
782 228 540
228 690 812
690 968 840
968 921 989
921 920 456
920 3 418
3 875 187
875 152 72
152 451 890
451 807 583
807 715 518
715 68 651
68 882 610
882 772 39
772 160 571
160 461 111
461 301 269
301 107 222
107 441 569
441 750 213
750 520 869
520 18 510
18 780 691
780 125 392
125 11 36
11 754 373
754 664 687
664 379 553
379 52 917
52 933 396
933 951 719
951 224 626
224 684 172
684 217 481
217 340 76
340 632 459
632 888 784
888 428 742
428 171 806
171 624 33
624 184 184
184 976 568
976 832 773
832 287 418
287 481 435
481 346 368
346 405 123
405 111 858
111 159 814
159 930 973
930 769 480
769 818 312
818 648 907
648 884 393
884 720 493
720 911 1
911 646 932
646 323 504
323 28 121
28 784 189
784 214 300
214 789 716
789 591 183
591 490 549
490 926 718
926 969 571
969 578 46
578 272 436
272 335 332
335 596 575
596 227 240
227 812 218
812 521 633
521 348 565
348 384 395
384 656 234
656 615 127
615 277 39
277 173 123
173 528 886
528 865 35
865 773 2
773 700 566
700 660 93
660 704 236
704 607 880
607 771 134
771 792 436
792 243 479
243 732 432
732 655 739
655 142 810
142 147 614
147 204 753
204 630 79
630 349 586
349 746 876
746 756 282
756 26 872
26 918 45
918 901 874
901 950 317
950 341 313
341 448 645
448 857 686
857 411 160
411 394 873
394 270 964
270 841 263
841 310 795
310 819 954
819 104 939
104 447 290
447 96 884
96 786 179
786 923 395
923 388 848
388 723 206
723 965 711
965 898 799
898 563 317
563 623 813
623 637 292
637 924 608
924 431 811
431 900 515
900 197 325
197 668 640
668 964 629
964 717 743
717 497 632
497 795 191
795 56 676
56 695 553
695 15 849
15 109 978
109 64 478
64 640 479
640 494 941
494 4 382
4 156 746
156 300 604
300 869 256
869 108 689
108 407 709
407 1000 859
1000 661 536
661 183 402
183 347 896
347 116 368
116 959 911
959 564 148
564 305 439
305 359 687
359 613 468
613 285 407
285 232 843
232 957 595
957 190 451
190 132 479
132 357 137
357 712 641
712 638 313
638 605 355
605 962 474
962 84 410
84 404 561
404 897 583
897 821 113
821 751 701
751 846 785
846 27 770
27 542 496
542 644 794
644 671 741
671 14 833
14 996 827
996 145 424
145 604 283
604 932 658
932 484 690
484 414 72
414 706 702
706 619 810
619 396 372
396 790 591
790 1 492
1 531 144
531 827 591
827 191 768
191 325 768
325 762 783
762 620 457
620 562 304
562 206 504
206 479 112
479 598 618
598 326 144
326 691 71
691 41 478
41 628 447
628 738 327
738 121 557
121 427 696
427 282 913
282 261 853
261 415 690
415 76 794
76 196 996
196 549 201
549 241 742
241 252 684
252 963 961
963 602 412
602 354 109
354 545 762
545 703 76
703 409 284
409 919 331
919 155 986
155 248 414
248 688 242
688 219 236
219 418 313
418 652 884
652 311 324
311 763 15
763 372 958
372 321 502
321 914 612
914 271 533
271 896 630
896 810 345
810 93 855
93 80 15
80 866 678
866 319 390
319 118 622
118 440 718
440 546 804
546 787 776
787 259 920
259 360 785
360 20 807
20 317 562
317 77 102
77 297 178
297 158 530
158 193 87
193 445 78
445 621 17
621 678 925
678 376 560
376 895 282
895 437 15
437 485 660
485 455 858
455 559 142
559 682 157
682 499 214
499 128 13
128 498 29
498 557 883
557 568 735
568 63 262
63 544 419
544 262 561
262 202 574
202 683 645
683 170 236
170 408 233
408 797 328
797 534 832
534 53 797
53 997 322
997 670 787
670 887 319
887 33 982
33 935 543
935 927 164
927 2 365
2 320 750
320 371 270
371 113 690
113 856 685
856 831 854
831 843 10
843 530 208
530 463 731
463 813 717
813 176 970
176 316 591
316 981 55
981 949 690
949 165 535
165 332 657
332 980 430
980 491 86
491 576 402
576 94 575
94 164 280
164 692 920
692 642 291
642 254 653
254 760 219
760 69 126
69 124 531
124 453 673
453 420 206
420 862 634
862 101 971
101 767 95
767 398 407
398 216 827
216 852 963
852 468 327
468 702 790
702 343 648
343 105 412
105 392 533
392 257 32
257 885 401
885 234 142
234 855 641
855 847 189
847 336 654
336 616 267
616 309 277
309 438 57
438 209 541
209 539 58
539 583 218
583 99 247
99 672 984
672 606 629
606 337 675
337 399 169
399 586 605
586 974 155
974 436 199
436 836 849
836 710 980
710 426 207
426 435 99
435 579 732
579 761 125
761 894 399
894 139 126
139 588 626
588 785 191
785 363 909
363 845 372
845 464 351
464 29 978
29 263 522
263 210 276
210 953 61
953 747 278
747 595 846
595 944 210
944 533 656
533 92 946
92 860 329
860 429 413
429 269 96
269 284 374
284 565 294
565 970 898
970 238 507
238 5 201
5 778 290
778 82 151
82 998 976
998 743 739
743 776 801
776 858 249
858 212 420
212 942 516
942 570 650
570 482 95
482 733 297
733 134 132
134 342 862
342 10 428
10 442 571
442 556 273
556 654 389
654 324 33
324 826 625
826 143 484
143 221 248
221 631 536
631 854 714
854 709 300
709 120 24
120 618 394
618 649 749
649 412 929
412 680 86
680 509 90
509 383 183
383 31 530
31 910 929
910 148 704
148 422 697
422 665 56
665 513 867
513 391 248
391 247 680
247 249 496
249 526 140
526 417 720
417 169 420
169 609 381
609 749 198
749 859 541
859 460 137
460 634 532
634 410 79
410 662 518
662 439 896
439 60 943
60 38 930
38 390 224
390 757 879
757 198 803
198 446 486
446 758 696
758 870 133
870 873 361
873 752 541
752 891 660
891 879 263
879 685 352
685 306 543
306 37 395
37 250 86
250 115 537
115 419 229
419 307 280
307 199 839
199 540 258
540 478 982
478 8 355
8 78 33
78 867 876
867 146 469
146 88 279
88 975 578
975 353 405
353 98 520
98 781 677
781 793 531
793 73 255
73 904 939
904 45 984
45 275 287
275 594 375
594 474 595
474 423 88
423 838 768
838 233 463
233 960 684
960 936 719
936 255 98
255 587 484
587 877 332
877 470 446
470 759 774
759 825 512
825 138 933
138 946 545
946 612 529
612 801 89
801 167 886
167 314 279
314 724 562
724 185 945
185 7 731
7 365 851
365 676 415
676 667 820
667 915 241
915 188 646
188 294 929
294 982 45
982 804 779
804 947 650
947 651 547
651 492 617
492 828 176
828 659 280
659 24 951
24 744 578
744 264 682
264 299 467
299 589 57
589 308 317
308 524 560
524 222 203
222 489 250
489 242 820
242 510 781
510 629 316
629 830 958
830 245 893
245 817 111
817 522 116
522 330 950
330 967 338
967 892 480
892 276 416
276 674 847
674 203 823
203 714 617
714 625 647
625 230 690
230 487 239
487 938 690
938 774 893
774 51 58
51 258 120
258 501 131
501 687 266
687 333 569
333 279 402
279 541 783
541 450 673
450 820 547
820 397 579
397 47 963
47 393 89
393 54 392
54 554 518
554 798 796
798 281 223
281 364 742
364 903 39
903 909 6
909 788 746
788 135 30
135 694 913
694 58 909
58 872 782
872 174 995
174 849 312
849 106 440
106 496 578
496 972 622
972 829 823
829 636 633
636 43 530
43 292 140
292 868 596
868 370 366
370 527 253
527 502 534
502 16 399
16 503 131
503 493 56
493 514 16
514 213 983
213 86 126
86 600 969
600 876 218
876 178 428
178 799 2
799 95 420
95 956 410
956 995 934
995 274 364
274 633 778
633 355 112
355 304 157
304 802 913
802 601 773
601 597 137
597 172 126
172 716 726
716 978 910
978 89 149
89 358 813
358 244 383
244 62 215
62 381 649
381 698 461
698 515 441
515 966 209
966 378 286
378 566 745
566 303 239
303 472 392
472 157 288
157 345 711
345 952 568
952 803 881
803 711 631
711 881 600
881 999 727
999 908 667
908 366 681
366 377 106
377 913 986
913 413 779
413 223 326
223 851 814
851 973 484
973 907 742
907 361 403
361 334 826
334 9 500
9 141 555
141 189 448
189 961 903
961 880 964
880 421 662
421 278 418
278 770 76
770 653 594
653 17 527
17 504 801
504 382 721
382 992 154
992 395 609
395 100 755
100 725 5
725 22 953
22 823 59
823 253 200
253 666 89
666 550 876
550 344 634
344 626 964
626 705 947
705 144 511
144 783 557
783 622 135
622 149 612
149 154 767
154 627 288
627 46 272
46 955 178
955 298 809
298 677 730
677 177 502
177 443 471
443 72 112
72 693 607
693 50 662
50 186 8
186 350 227
350 289 110
289 937 408
937 55 638
55 585 284
585 639 907
639 535 650
535 483 416
483 979 578
979 129 711
129 844 851
844 462 80
462 329 536
329 989 875
989 893 321
893 824 754
824 958 284
958 673 593
673 571 852
571 351 504
351 373 897
373 416 91
416 645 400
645 766 280
766 338 421
338 779 162
779 296 799
296 822 484
822 727 443
727 748 424
748 543 21
543 764 137
764 592 459
592 140 478
140 295 666
295 555 249
555 231 293
231 505 15
505 280 132
280 917 17
917 40 922
40 994 147
994 162 402
162 517 715
517 123 579
123 833 573
833 313 258
313 59 277
59 663 631
663 374 757
374 127 956
127 610 897
610 150 610
150 701 71
701 853 892
853 686 291
686 536 768
536 256 291
256 110 964
110 117 78
117 265 870
265 137 243
137 863 239
863 777 895
777 987 194
987 590 511
590 808 432
808 465 824
465 905 726
905 424 44
424 21 329
21 575 431
575 729 241
729 874 465
874 641 708
262 291 917
521 32 470
810 906 434
69 195 406
324 331 842
594 87 355
216 288 267
427 516 171
947 75 320
717 260 861
391 369 496
7 650 952
143 425 30
703 890 73
877 6 935
311 608 362
901 433 775
320 49 597
818 225 908
94 476 109
238 192 161
321 569 501
482 126 517
817 806 694
980 990 26
876 617 550
350 985 526
438 814 556
343 434 269
402 283 893
46 506 445
996 339 450
319 553 248
694 133 752
321 850 902
344 211 126
640 389 736
341 475 114
297 737 446
812 368 845
637 406 146
998 66 162
857 112 651
443 459 539
394 168 907
311 194 780
134 432 249
583 945 502
613 312 984
711 765 685
134 561 30
390 61 379
299 302 550
789 179 675
99 215 942
995 240 230
813 696 34
342 81 377
782 739 759
470 726 789
831 74 513
924 548 454
105 35 693
992 403 757
676 834 168
317 70 102
705 657 518
920 34 331
78 477 355
703 718 23
587 577 910
54 182 155
999 809 209
170 71 636
880 293 491
666 954 475
784 753 638
880 518 516
123 560 73
159 495 319
813 925 102
24 83 155
234 934 61
846 745 870
863 57 152
987 603 902
703 48 509
462 79 403
951 90 271
279 352 114
651 488 989
714 988 308
171 67 194
860 273 348
281 519 675
436 573 765
625 883 452
855 267 298
896 899 883
705 200 348
724 430 948
670 941 168
361 611 619
530 912 206
450 401 949
376 236 435
134 387 255
121 466 456
98 328 509
913 929 304
141 385 749
479 679 270
782 454 673
994 114 645
219 511 617
637 175 502
96 136 623
423 473 134
587 201 441
502 658 412
116 837 786
795 266 503
323 65 953
629 943 559
694 940 512
545 593 112
472 794 70
685 775 58
630 878 926
804 861 19
743 551 254
438 991 955
698 815 265
690 44 374
949 103 229
437 567 230
238 713 230
599 719 287
107 728 761
905 85 305
407 647 34
332 187 370
780 538 646
376 12 673
638 839 329
748 532 548
996 977 962
461 736 867
322 467 506
996 469 306
62 708 417
749 582 603
461 153 921
301 508 786
100 449 169
545 91 223
615 523 899
249 375 384
422 796 198
363 984 292
316 25 324
124 220 769
859 740 141
853 939 798
492 574 251
350 840 330
314 707 996
110 208 587
546 669 124
517 205 136
22 102 200
353 643 856
515 552 331
262 246 473
759 902 340
68 458 546
373 327 839
3 163 368
238 983 392
212 811 37
831 922 515
698 356 572
372 558 823
700 741 679
235 931 133
993 507 721
137 699 798
318 122 613
996 697 995
730 386 197
526 180 267
998 948 659
704 39 192
243 971 819
691 986 746
17 207 63
854 580 402
407 871 394
428 916 632
221 842 334
818 768 534
107 161 46
264 584 891
987 722 148
882 268 570
429 614 36
460 239 8
579 848 359
390 742 561
141 547 810
709 131 827
583 635 228
555 119 425
588 735 939
287 537 377
321 229 352
730 581 55
157 731 358
128 290 744
695 218 79
932 23 40
872 367 607
910 380 868
94 444 119
320 805 825
892 97 803
702 471 595
51 36 444
197 42 630
932 689 647
113 975 76706
272 37 182336
294 149 78401
969 393 232920
84 629 166464
277 849 236483
877 543 109941
437 421 178017
194 984 58668
883 954 56916
728 711 287213
920 752 209733
524 355 36522
739 24 245007
947 265 111729
919 735 62394
742 489 38848
957 997 58735
325 740 106451
383 824 136269
671 127 259315
526 503 76181
323 858 158159
814 374 181640
467 188 245108
389 992 242293
534 940 131913
632 655 24129
97 57 100112
389 551 116858
884 344 288908
529 850 133650
143 907 110312
417 571 131931
151 939 372749
521 1000 39128
655 530 104789
651 245 8906
916 358 269978
712 298 239655
269 811 5937
544 657 183545
428 262 116798
971 296 297863
976 883 237811
897 200 233178
891 483 115138
624 20 107690
924 117 293366
384 555 306313
704 304 246560
753 70 97870
916 75 223840
698 725 22224
145 154 228928
324 50 133277
911 279 234069
564 654 114576
37 57 139975
930 58 245603
445 426 43447
437 503 148225
598 960 127275
529 480 3560
531 762 2910
748 162 3938
30 333 277620
323 758 182917
300 6 159663
574 374 103626
773 683 99409
864 325 100416
512 144 321066
70 105 34611
778 701 166109
669 955 197219
745 295 254323
882 367 264822
898 200 259997
238 421 124755
399 47 96035
646 952 266326
713 937 141873
321 279 143969
125 684 4479
868 313 69121
302 149 72079
315 166 3783
647 40 270349
113 616 21028
964 880 244655
944 17 130883
441 381 281553
467 465 362578
89 137 66327
758 892 42308
602 200 207009
888 489 230579
92 826 11609
700 688 76633
636 658 2831
812 549 74235
181 195 162816
126 157 104186
691 383 95710
216 967 94456
147 819 10337
793 903 44878
776 200 131327
969 114 311924
906 757 89714
745 836 83423
557 999 164215
581 100 317816
398 351 177227
738 202 33268
171 212 168148
9 666 9493
734 454 15112
918 449 267186
340 645 320437
297 665 72107
47 293 43158
44 446 209913
661 915 165237
901 827 49929
369 423 24908
333 543 78880
667 303 53376
371 380 55944
648 978 261596
337 231 173419
739 217 16223
719 634 218005
285 279 182416
417 872 68109
971 259 84686
309 180 37236
433 574 196398
227 990 117443
908 207 11857
618 798 71823
406 904 164485
415 937 219417
993 228 5997
534 570 50474
867 808 137380
271 442 72321
934 207 146587
246 861 106250
372 972 157148
325 139 75135
950 640 21433
503 350 46622
520 623 49359
151 469 112132
734 429 196440
963 10 79743
791 498 153862
131 421 112948
226 561 198587
284 995 101224
232 513 120910
260 27 22634
810 953 58121
340 87 209654
519 777 88012
291 983 47804
911 261 78184
225 460 178253
28 742 180493
185 954 78273
746 109 22866
623 303 233493
156 699 284709
128 293 175802
897 374 262759
460 373 131655
704 299 208947
922 135 122445
448 790 47427
878 673 289923
175 399 108979
485 989 201231
112 798 217342
479 810 19140
125 269 170075
963 381 179666
531 293 211979
589 903 20845
170 25 12472
598 817 151079
561 759 42091
343 89 126405
926 43 244520
428 396 76505
305 172 208982
435 844 158653
204 995 239872
362 947 246062
411 345 245114
521 618 160323
932 891 121128
542 570 100821
947 114 101494
141 770 3471
877 766 107187
45 55 101216
677 231 19645
227 56 31456
1000 116 2202
865 186 287879
323 126 160357
720 771 11579
159 647 49125
107 418 106621
570 381 101737
378 590 64709
409 408 24652
977 381 198401
678 809 168237
286 239 217641
400 719 8691
718 657 206209
104 997 85462
840 123 19655
257 482 25846
66 120 9224
60 589 39233
534 879 75604
689 519 174740
797 677 185309
758 344 104061
964 919 49600
461 961 299012
1000 256 278639
270 647 22153
121 544 31576
886 99 168199
456 30 5307
33 289 183969
527 329 53855
926 618 163374
792 622 279514
773 944 142006
965 269 124238
291 220 19905
452 551 190087
691 559 30673
322 327 342665
81 383 6679
173 73 187044
886 194 118482
501 636 15370
652 609 88190
935 603 214958
326 238 82346
630 314 191679
391 961 105663
389 586 100243
581 953 182559
175 389 9341
461 118 114475
310 539 114186
982 939 110694
665 244 89515
845 779 162223
107 990 143059
506 822 17747
101 24 87388
738 549 5700
271 674 136679
921 817 249578
823 639 13505
993 84 89790
581 528 41850
244 472 3637
109 694 201860
165 510 99757
104 443 269793
661 793 148608
875 89 284598
771 575 320232
206 978 187741
425 419 23053
704 862 118861
837 256 275651
957 505 261753
900 978 226677
823 610 35492
193 830 122724
561 245 62931
619 267 69718
285 953 98688
277 418 78794
444 342 37556
812 860 146976
272 233 195024
98 361 81758
491 105 10950
179 41 70954
406 14 30484
52 597 272341
756 731 248673
558 439 88971
706 149 225756
870 775 2235
926 510 218287
921 524 245246
433 549 60635
980 852 8859
159 446 187216
268 577 223030
161 313 337747
394 261 55735
409 476 40106
20 541 135262
174 327 65067
692 380 45858
64 988 188946
818 463 120978
194 440 6093
32 256 317297
690 964 62256
18 902 221209
672 802 117931
660 27 49536
646 190 52610
898 654 133552
106 677 49638
390 58 61528
89 536 63881
285 93 41422
796 560 145150
762 74 47045
897 701 265293
394 263 127555
968 129 328265
176 471 13529
660 634 167571
754 510 238050
386 696 152011
688 760 40387
264 344 69370
66 100 127630
516 229 13863
291 273 45178
2 144 175850
507 229 123170
196 611 196040
797 223 163767
309 344 150413
216 167 75595
486 687 267163
479 51 159501
68 285 72679
846 413 214222
648 8 192054
429 154 138888
460 838 22459
461 476 144696
488 823 69866
80 663 226407
642 439 53009
719 588 186787
615 759 195242
27 254 67172
236 972 143682
758 674 43571
152 766 333461
285 253 235162
23 714 164404
464 764 164180
392 489 85500
681 593 124381
871 848 99838
112 897 35428
782 140 341603
271 230 139456
588 238 9507
562 71 37486
93 724 115086
828 999 53544
321 990 33755
796 410 5297
585 338 11001
516 10 86406
859 178 76717
554 903 1800
565 299 64728
501 645 76681
666 110 39090
474 988 30702
173 444 116265
132 75 161512
153 193 119823
856 453 11204
83 223 55703
542 242 161358
671 988 167777
287 489 227055
112 717 14302
112 191 48085
880 231 34548
272 267 131647
726 724 4320
183 223 226313
186 117 28526
268 547 298622
65 308 217496
911 967 226181
359 78 140422
756 608 71323
788 907 34517
132 519 186286
316 423 77596
929 22 13715
25 81 41158
435 338 165541
15 845 108883
500 381 311404
163 607 35003
945 366 132068
732 861 201657
681 563 70727
285 848 94111
971 79 290497
104 420 102427
776 361 116739
484 628 9228
420 78 62409
520 353 211360
690 505 341474
599 758 224746
647 248 41060
436 306 44668
648 923 28999
804 592 98580
2 514 136237
735 842 18332
723 714 200198
323 183 45893
270 973 251527
741 372 78684
612 518 74452
591 687 230153
159 735 151179
138 600 48030
798 917 75584
607 253 275371
644 113 55542
512 125 14270
754 264 234595
685 711 82107
315 851 316514
675 217 21281
490 401 232980
18 41 91434
567 24 114628
836 845 4766
334 72 19358
682 398 26155
743 487 72395
173 210 141534
271 552 172906
722 21 2718
147 246 93244
434 182 103528
472 766 44102
248 202 21807
746 634 160517
607 989 293373
647 239 131809
42 991 104026
946 519 34491
71 8 81217
152 408 133215
439 472 86299
572 238 192382
906 504 190705
97 135 13731
151 745 108235
444 124 2901
254 505 187808
24 86 34548
353 985 104492
101 449 155371
139 150 176662
433 476 104771
430 373 99913
684 354 95254
558 363 57360
990 785 23017
661 998 110879
94 124 3020
321 216 41625
284 522 70404
427 201 126297
800 36 276765
749 822 134970
875 576 148057
476 164 171
607 910 159638
433 361 255855
112 73 173723
788 350 56608
466 759 127648
855 256 188416
752 178 68559
598 5 82691
678 514 149154
230 351 77424
118 74 23968
797 336 27582
68 225 20140
227 33 107502
13 463 162431
136 898 2515
789 21 328617
375 129 127261
109 708 222438
284 89 106369
118 209 43819
678 588 44612
569 280 224375
881 958 36806
539 711 130113
805 903 123852
773 649 158666
514 416 57890
407 587 156742
968 250 213477
80 698 170289
715 190 75219
529 528 52280
792 714 217350
576 582 52975
15 54 198825
304 779 53252
204 901 3614
677 808 34272
176 192 35478
453 603 200830
953 432 11613
209 344 149815
24 244 44270
267 825 67426
377 137 55634
508 927 133261
56 940 204752
521 869 36871
933 596 19170
941 634 65118
384 241 73384
469 550 223919
78 999 78897
670 103 9823
706 483 234802
175 580 134670
244 334 14857
406 747 118375
451 616 160502
115 78 2976
246 51 124249
980 830 99944
648 620 73047
671 376 40734
272 356 258686
700 57 317341
901 29 130027
885 242 85887
792 342 150553
124 847 8891
968 375 201004
98 673 112442
712 375 120415
721 187 161544
317 601 158658
763 233 111649
310 837 24908
271 990 32610
875 381 286658
523 450 226042
383 612 36722
476 51 107580
26 565 136247
81 135 78251
291 16 142244
704 547 268212
672 541 94746
220 747 21938
821 12 45694
967 917 88812
115 307 509
774 653 49508
50 137 29647
647 958 260610
233 240 55654
812 899 86128
82 685 29833
132 729 278030
41 440 21107
242 459 74978
255 205 115525
284 221 11129
228 652 115743
266 645 271818
604 12 39040
415 539 59783
516 806 148882
613 25 70540
976 590 336372
690 71 136580
762 435 72970
681 181 4705
738 295 239122
124 501 104920
521 894 138666
938 381 31288
509 333 64227
493 55 47722
804 955 79082
813 639 180219
196 575 251146
421 590 48081
578 96 22709
508 547 297416
730 316 153735
612 589 13223
511 304 169403
924 797 77169
122 156 91600
631 154 126753
640 962 14736
855 487 94326
643 840 103440
953 617 103728
926 942 156319
717 952 230889
285 165 71089
664 521 22127
559 472 161105
901 78 171745
175 347 15625
131 803 100144
599 926 44605
724 245 16505
332 764 189285
669 360 2357
924 821 24902
288 552 132159
796 279 61388
635 75 76430
868 89 11390
335 36 227428
415 743 79671
682 826 60143
527 601 8723
134 910 9377
976 804 221911
832 960 207548
565 515 109037
570 555 153355
799 295 60338
781 313 123585
176 989 183946
184 23 72876
925 9 157408
676 50 86435
68 757 203394
298 443 1703
916 563 39300
858 801 46839
359 983 105802
262 803 160280
787 6 106463
738 189 203249
921 478 215613
753 748 310142
883 893 74675
74 881 150622
621 72 195125
115 16 62796
567 22 183400
796 462 130725
193 10 61946
653 72 14238
532 536 11665
268 2 134832
896 97 135589
717 134 125336
154 641 40317
856 793 78154
264 459 77652
172 550 28707
969 527 245304
720 397 236652
71 59 208916
789 655 10902
355 207 25654
451 728 4335
800 360 142523
84 363 91430
270 383 146210
33 509 55526
684 212 171496
588 798 92728
388 590 300064
28 53 109947
784 859 175484
323 890 83248
52 967 239575
943 803 44765
400 859 226027
675 445 133408
227 328 188424
962 895 46970
176 659 95962
120 543 145355
318 709 216107
688 539 51789
80 332 30309
706 123 251374
226 243 49345
14 574 153900
112 71 87883
444 830 98762
804 231 100266
980 66 34139
918 779 291795
642 663 193114
930 575 334396
616 75 77809
33 361 162171
252 25 39495
974 79 161470
301 598 93124
542 781 134644
799 966 10080
914 858 68883
173 463 110438
188 157 53169
708 881 6684
311 209 49974
82 299 62681
838 397 36825
759 264 15218
886 860 182683
52 69 140775
923 946 177704
951 38 193544
920 852 157033
770 535 19333
204 276 211236
870 275 13514
286 138 245537
664 504 298223
675 372 121879
923 833 290219
142 827 54910
757 627 110827
66 744 60394
435 830 79100
895 673 203858
922 489 102148
166 703 122886
283 344 318713
549 699 247118
926 469 59649
270 867 168663
911 763 88640
684 333 245148
816 602 116090
340 229 101376
485 491 20329
80 63 13789
211 822 23119
45 808 131743
386 766 341869
745 666 226940
878 309 121155
926 243 8281
561 892 64926
304 663 62373
896 506 202037
156 250 144413
226 205 354167
334 200 13762
160 39 30562
965 978 230832
11 781 210928
4 77 57726
235 626 330692
362 946 236665
835 489 256655
406 652 56057
231 119 132
329 673 2827
202 673 198336
215 645 169449
776 180 15891
250 135 53508
108 940 197797
949 954 165172
228 750 9020
200 610 31434
648 885 136718
754 422 188034
398 824 174994
368 561 154260
865 66 148301
65 189 276025
845 370 101681
816 887 145358
65 29 147093
692 185 83014
414 574 150946
293 114 35935
609 21 154888
896 622 199653
451 84 79129
108 654 119405
668 482 126279
537 338 315994
678 823 184546
936 673 105077
467 340 21374
872 783 47594
193 539 37608
73 496 50334
894 79 157880
660 414 55354
745 735 87656
379 55 313240
869 123 273624
730 326 106115
920 987 352858
633 85 74456
26 433 1694
106 496 578
108 947 170390
283 644 91453
501 403 52159
222 462 82758
27 954 227515
997 307 76907
484 845 82543
885 503 115320
520 833 335884
28 909 238862
802 117 68035
786 190 25825
116 622 242935
136 799 225788
606 488 76014
347 332 75174
191 71 39798
219 589 132464
227 667 205511
631 422 6329
648 403 285878
854 749 9821
339 927 50616
880 459 16415
831 350 179538
857 620 50744
652 423 110757
500 871 94412
895 24 114873
567 685 83507
901 959 30049
408 880 170734
895 146 89634
993 558 123860
326 2 41144
275 256 127030
635 330 86740
458 384 28703
615 239 168791
788 666 45739
134 449 124062
53 793 84031
299 472 46180
738 737 25713
829 699 80414
630 871 30006
841 582 153616
460 929 95474
436 708 120148
447 891 159394
670 367 131793
18 666 303947
387 393 75743
951 774 244802
317 907 175530
196 817 144113
976 700 17583
628 327 235023
664 207 297485
516 939 247889
240 701 66845
82 577 46354
179 788 237728
925 554 118610
862 238 26763
900 389 7909
588 701 176107
557 446 77775
337 686 182561
440 342 67069
248 766 223167
703 650 126178
402 469 95053
475 586 121985
500 189 326900
889 592 357056
520 78 208753
773 809 260637
404 63 49967
228 817 252219
846 271 32151
384 637 23875
745 991 79049
420 139 17264
171 180 183370
638 45 142601
544 880 172983
599 243 52886
494 552 222005
918 453 110004
841 221 141942
567 351 204969
206 910 98114
684 881 280851
531 377 202758
321 726 113741
632 891 196513
526 264 44074
487 701 91848
500 66 206454
204 583 123034
415 93 14201
226 669 133278
615 216 123141
631 634 11745
402 227 37604
268 252 102137
538 78 206906
921 878 41647
282 383 92292
914 999 179385
683 276 117999
807 357 76353
346 552 269505
128 948 53495
554 329 65329
107 146 211749
521 266 30432
864 170 138810
542 522 164533
246 460 69035
346 242 227072
599 424 371443
616 7 72113
969 157 261196
787 334 179833
906 328 102182
261 213 174022
709 462 136238
728 795 55635
31 378 94162
227 273 147542
925 685 66660
871 957 7165
18 776 176389
485 729 228465
440 574 121130
530 477 73102
161 553 113564
18 872 260842
838 699 128157
695 191 31731
903 274 15664
593 297 15785
900 497 2969
944 417 24015
411 135 219619
492 174 28417
93 639 207045
482 369 12874
341 514 231138
26 438 119522
746 854 149486
884 732 13419
266 568 68922
843 94 6647
761 641 187694
168 118 71424
401 979 65290
263 561 11731
875 265 350682
