1000 10000
530 140
140 204
204 60
60 264
264 915
915 289
289 757
757 539
539 433
433 329
329 374
374 801
801 330
330 900
900 888
888 31
31 49
49 96
96 315
315 771
771 339
339 61
61 583
583 282
282 769
769 317
317 114
114 848
848 890
890 778
778 226
226 521
521 151
151 625
625 356
356 101
101 865
865 129
129 739
739 473
473 998
998 853
853 69
69 294
294 729
729 912
912 979
979 972
972 58
58 744
744 855
855 879
879 743
743 127
127 446
446 322
322 302
302 993
993 682
682 664
664 636
636 37
37 295
295 265
265 283
283 725
725 847
847 781
781 533
533 905
905 148
148 188
188 166
166 642
642 385
385 132
132 238
238 669
669 200
200 709
709 111
111 785
785 274
274 233
233 337
337 163
163 994
994 674
674 384
384 611
611 227
227 424
424 916
916 123
123 813
813 341
341 241
241 627
627 797
797 221
221 2
2 98
98 394
394 447
447 172
172 513
513 568
568 747
747 408
408 663
663 481
481 135
135 712
712 353
353 336
336 479
479 120
120 45
45 203
203 102
102 97
97 779
779 509
509 3
3 909
909 515
515 354
354 594
594 886
886 369
369 426
426 310
310 941
941 829
829 431
431 74
74 655
655 503
503 542
542 16
16 548
548 607
607 23
23 818
818 546
546 561
561 980
980 209
209 47
47 126
126 395
395 247
247 8
8 180
180 137
137 345
345 475
475 856
856 77
77 569
569 419
419 389
389 798
798 430
430 604
604 970
970 859
859 824
824 866
866 182
182 528
528 765
765 63
63 368
368 64
64 761
761 647
647 1000
1000 895
895 495
495 400
400 414
414 143
143 634
634 291
291 835
835 476
476 466
466 730
730 637
637 784
784 699
699 183
183 767
767 175
175 75
75 147
147 494
494 722
722 544
544 498
498 679
679 288
288 529
529 117
117 327
327 138
138 79
79 708
708 362
362 112
112 926
926 496
496 19
19 772
772 178
178 206
206 279
279 358
358 83
83 391
391 501
501 415
415 224
224 787
787 734
734 420
420 387
387 804
804 920
920 590
590 223
223 720
720 510
510 87
87 313
313 808
808 803
803 733
733 67
67 864
864 197
197 759
759 150
150 694
694 586
586 243
243 338
338 125
125 622
622 213
213 471
471 670
670 344
344 849
849 638
638 187
187 365
365 480
480 43
43 878
878 469
469 66
66 571
571 680
680 923
923 585
585 460
460 705
705 156
156 519
519 366
366 57
57 411
411 234
234 751
751 100
100 334
334 953
953 863
863 656
656 756
756 990
990 497
497 570
570 675
675 167
167 768
768 948
948 883
883 562
562 293
293 850
850 746
746 191
191 836
836 244
244 73
73 301
301 907
907 472
472 514
514 383
383 177
177 792
792 62
62 136
136 91
91 199
199 869
869 745
745 219
219 30
30 875
875 672
672 658
658 458
458 376
376 7
7 461
461 92
92 308
308 738
738 220
220 620
620 845
845 202
202 732
732 838
838 161
161 581
581 740
740 373
373 947
947 812
812 248
248 716
716 946
946 578
578 925
925 545
545 249
249 196
196 190
190 275
275 913
913 113
113 50
50 380
380 996
996 525
525 18
18 403
403 556
556 807
807 124
124 250
250 82
82 149
149 428
428 86
86 429
429 44
44 269
269 212
212 880
880 235
235 815
815 165
165 390
390 816
816 189
189 499
499 991
991 71
71 572
572 459
459 444
444 898
898 577
577 666
666 432
432 280
280 775
775 398
398 650
650 311
311 448
448 686
686 360
360 474
474 491
491 370
370 257
257 214
214 737
737 643
643 396
396 833
833 702
702 34
34 842
842 371
371 355
355 13
13 602
602 723
723 825
825 103
103 531
531 563
563 661
661 919
919 975
975 453
453 536
536 805
805 93
93 367
367 532
532 819
819 440
440 952
952 764
764 693
693 629
629 70
70 844
844 649
649 346
346 681
681 22
22 88
88 810
810 267
267 287
287 837
837 817
817 504
504 943
943 228
228 192
192 443
443 967
967 752
752 489
489 689
689 104
104 449
449 893
893 517
517 762
762 65
65 17
17 995
995 321
321 109
109 617
617 487
487 470
470 959
959 437
437 382
382 887
887 154
154 687
687 372
372 237
237 727
727 966
966 763
763 451
451 690
690 158
158 328
328 423
423 375
375 144
144 692
692 832
832 506
506 591
591 381
381 155
155 76
76 55
55 320
320 930
930 936
936 613
613 349
349 217
217 256
256 922
922 977
977 141
141 973
973 981
981 185
185 72
72 99
99 326
326 958
958 485
485 537
537 276
276 363
363 582
582 950
950 896
896 441
441 944
944 146
146 630
630 51
51 691
691 512
512 721
721 984
984 27
27 695
695 139
139 193
193 508
508 600
600 713
713 860
860 413
413 312
312 841
841 641
641 90
90 576
576 599
599 236
236 791
791 392
392 518
518 951
951 854
854 134
134 36
36 999
999 56
56 297
297 921
921 701
701 41
41 874
874 20
20 667
667 558
558 181
181 903
903 210
210 170
170 386
386 218
218 741
741 106
106 307
307 378
378 924
924 205
205 969
969 316
316 823
823 252
252 388
388 735
735 640
640 130
130 956
956 773
773 626
626 299
299 596
596 318
318 325
325 465
465 711
711 277
277 207
207 945
945 4
4 612
612 348
348 652
652 505
505 410
410 1
1 726
726 706
706 434
434 579
579 454
454 260
260 507
507 783
783 94
94 478
478 222
222 962
962 393
393 651
651 6
6 780
780 897
897 253
253 54
54 488
488 540
540 255
255 931
931 15
15 198
198 216
216 549
549 25
25 644
644 710
710 455
455 660
660 462
462 891
891 452
452 543
543 32
32 483
483 179
179 575
575 535
535 989
989 122
122 698
698 357
357 618
618 914
914 974
974 28
28 717
717 522
522 421
421 794
794 799
799 742
742 988
988 245
245 230
230 933
933 899
899 524
524 520
520 482
482 985
985 266
266 589
589 484
484 639
639 463
463 646
646 271
271 976
976 551
551 347
347 84
84 565
565 164
164 231
231 587
587 616
616 955
955 559
559 719
719 574
574 997
997 901
901 862
862 26
26 770
770 790
790 665
665 258
258 657
657 121
121 688
688 59
59 105
105 502
502 215
215 894
894 119
119 624
624 416
416 939
939 811
811 427
427 9
9 935
559 633
99 645
9 397
616 142
150 881
475 668
252 68
391 176
666 820
783 425
257 435
475 409
953 932
249 904
497 259
737 254
561 978
657 889
143 500
374 851
513 873
672 822
655 364
437 942
589 115
698 937
612 961
921 450
65 911
90 401
723 786
158 610
752 554
302 971
353 703
536 776
504 405
563 439
907 906
217 748
832 340
403 290
926 831
254 983
879 128
819 263
98 671
400 714
411 417
705 949
781 351
351 292
629 917
259 201
250 736
398 608
430 858
109 821
649 929
295 868
862 834
832 584
591 809
525 677
369 788
420 160
751 168
295 159
528 619
686 882
74 902
16 827
487 567
247 42
461 511
344 964
562 81
625 442
520 95
25 490
22 298
452 324
95 53
310 332
966 186
672 418
970 992
4 541
848 343
600 573
923 296
762 876
533 314
670 184
624 406
318 208
164 107
307 731
977 278
311 145
781 566
930 422
778 534
708 871
984 211
181 303
187 89
299 35
362 595
64 802
275 928
290 615
390 592
748 171
107 412
72 523
189 934
788 399
770 342
279 239
989 195
921 284
315 715
434 457
146 10
543 14
316 286
720 648
984 609
539 861
36 335
15 707
642 867
135 987
693 758
410 404
75 621
599 379
354 593
113 350
243 110
591 240
475 632
368 309
981 839
391 80
13 796
865 659
812 614
460 194
91 696
255 445
158 755
177 673
199 603
522 553
156 800
607 676
167 982
318 270
193 777
418 857
563 436
117 306
13 281
673 486
275 588
111 85
739 828
188 814
218 402
258 940
265 918
58 963
985 605
335 232
414 377
291 685
746 361
574 552
306 46
475 331
605 606
707 557
748 954
976 795
680 33
880 840
155 78
263 870
921 24
270 153
22 598
696 273
451 52
188 749
257 268
338 700
512 38
819 724
531 5
988 760
316 908
439 323
192 300
204 872
55 538
419 927
740 601
480 40
819 173
714 597
904 623
765 653
506 793
357 885
427 662
429 750
259 305
534 174
974 261
356 852
831 960
126 29
180 774
7 467
203 272
701 464
431 580
979 684
873 884
515 678
163 986
150 246
385 152
960 169
633 48
481 877
688 782
945 635
561 352
720 753
341 359
622 957
499 683
56 116
149 333
146 628
880 242
474 21
222 304
54 910
757 806
700 697
734 493
199 456
998 468
96 564
579 728
944 830
998 654
788 229
204 11
782 789
451 12
695 131
751 892
791 547
697 407
398 754
352 968
110 438
963 319
253 108
495 704
405 477
979 516
32 846
304 39
83 938
14 560
720 285
78 526
134 555
726 251
605 262
280 157
139 527
646 826
329 133
242 718
520 225
423 965
237 550
914 162
734 631
437 118
407 843
951 766
424 492
353 703
516 58
802 647
687 372
505 410
645 326
530 140
327 306
388 735
322 302
13 796
708 871
605 589
291 685
761 802
329 133
890 778
886 369
611 227
877 712
410 1
900 888
165 390
998 654
370 257
75 147
973 981
950 896
50 380
569 419
762 876
119 624
579 457
506 340
204 11
922 977
995 321
107 231
465 711
695 131
509 3
794 799
612 348
113 350
337 163
772 169
869 745
186 451
506 591
393 651
541 961
694 881
186 451
61 583
773 626
9 935
150 694
958 485
766 134
426 310
544 498
269 212
67 864
587 412
366 57
140 204
52 690
783 425
411 234
595 112
733 67
163 994
806 539
980 968
670 344
865 129
335 232
65 911
101 865
554 489
761 647
462 891
202 732
120 45
319 879
838 161
682 664
474 21
497 570
715 339
100 168
295 159
202 732
678 354
971 682
703 479
316 823
72 99
286 252
35 318
25 490
424 492
274 233
311 145
759 150
421 794
984 609
25 644
207 945
18 403
981 185
784 699
831 496
923 33
860 413
330 900
922 171
463 646
641 90
733 67
30 875
429 750
444 898
795 347
707 216
667 558
657 940
817 504
863 656
843 670
820 280
513 873
611 227
882 360
481 135
794 799
953 932
410 1
993 682
73 301
20 667
111 785
642 867
907 472
251 434
49 96
580 74
256 748
663 481
565 164
908 252
220 620
205 969
348 961
310 229
894 119
182 528
860 413
897 253
78 526
67 864
974 28
902 503
388 68
699 183
507 783
449 893
368 64
74 580
530 140
243 338
888 31
964 849
140 204
831 496
771 715
65 911
51 691
947 812
414 597
463 646
446 322
808 803
771 339
360 474
507 783
674 384
745 219
49 96
723 825
468 853
73 301
452 324
985 53
940 121
238 669
282 769
400 414
312 841
919 975
697 957
863 656
635 4
904 190
43 40
152 132
522 553
998 654
51 691
424 492
374 133
171 977
353 703
734 420
164 231
698 357
645 326
842 371
639 463
282 769
343 778
453 536
576 599
821 487
765 653
8 180
802 761
219 30
28 717
506 584
51 691
594 886
162 261
836 244
544 498
686 882
633 574
775 398
981 839
547 392
637 784
104 449
427 9
939 811
904 623
146 10
920 590
572 459
590 223
653 368
987 712
90 401
468 853
275 928
108 488
456 745
53 266
579 454
562 293
330 900
599 379
447 172
573 860
200 709
833 702
329 374
330 900
763 451
780 897
201 167
47 126
622 697
556 290
263 870
448 145
994 674
339 61
811 427
411 417
737 643
211 27
190 275
762 65
347 84
301 907
751 100
803 733
480 40
436 323
501 415
457 579
591 793
779 509
814 642
357 885
930 936
685 835
943 405
844 649
669 200
338 700
425 478
698 357
425 94
874 20
272 97
386 218
810 267
500 291
878 469
346 681
405 943
72 99
605 266
267 287
171 977
221 2
526 538
674 384
536 776
776 805
952 764
49 96
43 40
537 276
712 353
978 352
914 162
990 497
841 641
350 50
169 772
156 800
363 582
32 846
90 576
365 480
942 118
624 406
357 618
177 673
758 629
419 389
793 240
626 299
707 216
333 428
259 201
295 265
249 904
881 586
138 79
295 868
960 19
339 61
667 558
313 808
734 631
681 22
158 755
782 105
63 368
298 810
653 63
915 289
856 632
517 762
131 139
16 827
297 921
862 26
440 870
19 169
966 763
414 597
496 960
700 697
725 847
786 103
33 296
1 726
784 699
648 285
246 586
101 865
870 952
436 323
260 507
297 921
380 996
979 684
665 258
979 972
894 119
584 506
916 123
68 735
885 914
971 682
496 831
544 498
579 454
870 764
410 1
664 636
653 368
66 571
946 578
81 850
357 885
850 746
614 716
993 682
307 731
452 543
515 678
647 1000
373 947
398 650
878 469
491 370
104 449
845 202
11 872
472 514
740 601
566 314
380 996
615 807
20 667
90 576
698 357
103 531
646 271
813 341
346 929
594 886
926 831
945 635
746 191
155 76
382 887
422 613
154 687
537 276
605 262
252 68
204 60
154 687
175 75
275 588
375 144
934 991
77 569
670 184
394 447
783 94
243 110
469 66
411 417
42 8
647 1000
798 430
445 15
314 148
767 175
131 193
65 17
624 406
996 525
554 489
698 937
89 365
882 474
273 456
571 680
182 528
578 925
750 269
53 605
494 722
433 329
968 47
433 861
3 909
117 306
862 26
878 469
407 957
571 680
459 444
220 620
194 705
737 254
571 680
374 801
395 29
891 452
930 936
883 562
158 610
801 851
624 416
699 183
285 753
86 429
596 318
424 492
520 95
360 474
244 73
608 311
773 626
457 454
915 289
85 274
79 708
679 288
352 209
975 453
791 547
958 485
450 464
476 466
507 783
687 372
508 777
645 326
685 476
79 708
622 213
64 802
142 559
810 267
56 232
377 634
989 122
639 463
298 810
792 486
540 255
175 75
112 926
687 372
582 950
638 187
190 275
978 209
341 359
484 639
416 939
975 453
35 596
111 785
274 233
57 411
852 865
677 403
205 969
151 625
447 172
244 73
536 776
571 680
459 444
160 804
465 711
190 275
247 42
64 309
367 532
645 958
882 474
895 495
140 204
355 13
646 271
790 342
700 697
519 366
915 289
431 580
552 997
432 820
856 77
767 175
423 375
98 671
266 605
535 989
793 591
496 831
815 718
707 557
96 564
665 258
313 808
307 378
857 376
689 104
327 306
542 16
530 140
63 368
370 257
863 656
847 781
62 136
568 747
509 3
923 33
541 348
355 13
260 507
936 613
557 549
293 81
870 764
850 746
218 741
823 252
734 420
714 143
119 624
975 453
554 489
811 427
488 910
764 693
221 2
121 688
666 432
471 670
90 401
622 697
319 879
609 27
619 765
376 7
969 316
215 894
210 170
522 421
143 634
133 374
741 402
216 557
63 653
493 387
153 465
261 717
496 831
186 451
710 455
202 732
326 958
52 12
611 227
38 984
487 470
244 73
680 33
380 996
406 939
177 792
164 107
172 513
471 670
349 217
57 411
456 745
125 700
191 361
767 175
235 718
600 713
347 84
41 464
763 451
411 234
762 65
265 868
641 90
323 975
575 535
267 287
388 735
327 46
743 128
142 559
677 403
616 955
153 465
163 986
715 339
919 975
517 762
180 774
795 551
636 37
205 969
434 579
727 966
459 444
386 218
116 921
841 641
514 383
453 536
597 634
740 601
181 303
819 173
848 343
73 301
925 545
599 236
441 944
424 492
230 933
207 945
666 432
561 980
827 548
386 218
666 820
843 670
358 239
702 34
234 751
488 540
524 520
720 648
442 356
574 997
582 950
19 772
376 7
305 201
616 142
415 224
501 415
731 378
38 721
651 6
82 149
784 699
61 583
545 249
882 474
268 737
226 534
995 321
927 798
202 732
871 112
227 424
91 696
8 180
605 266
266 606
395 247
272 97
214 737
402 741
444 898
208 325
767 175
551 347
721 38
734 631
605 262
602 723
131 527
672 658
372 237
452 324
902 503
901 862
296 460
976 551
879 128
936 422
649 929
353 336
195 698
470 567
268 737
624 416
55 526
884 408
779 509
106 307
838 161
606 115
647 1000
673 792
612 961
314 905
56 116
383 177
638 187
968 209
996 525
182 528
479 120
296 585
667 558
487 470
877 135
443 300
413 312
919 975
971 993
402 106
165 390
652 505
485 537
906 472
770 342
860 413
456 603
588 113
508 600
833 702
669 200
206 279
215 894
492 123
561 352
79 708
423 375
751 100
447 172
25 490
295 265
321 109
861 329
264 915
651 6
682 664
823 252
547 518
680 923
877 987
651 6
651 6
39 651
147 494
363 582
390 592
606 262
292 148
798 430
134 555
463 646
611 227
458 376
876 17
959 437
886 369
287 837
841 641
857 376
974 162
370 257
746 191
687 372
746 361
638 187
322 302
763 451
977 141
695 139
41 464
830 10
872 60
368 309
664 636
259 201
165 390
901 862
816 592
160 387
339 61
106 307
640 130
232 116
236 791
456 745
15 707
373 947
442 356
683 71
348 652
947 812
626 299
456 745
347 84
37 295
530 140
387 804
27 695
177 792
239 358
85 274
602 723
864 197
768 982
223 720
74 655
914 974
926 496
732 838
140 204
801 330
717 522
956 773
762 876
286 252
879 743
337 163
871 595
583 282
379 236
659 739
644 490
179 575
480 40
722 544
798 430
909 515
518 951
170 386
389 798
383 177
231 412
704 714
942 382
536 776
605 589
668 856
316 286
635 4
456 745
234 751
748 256
984 211
244 73
921 450
867 132
998 853
131 139
542 16
887 154
427 9
995 321
965 375
85 274
698 937
583 282
249 196
37 295
850 746
460 705
34 842
746 191
860 413
923 33
18 403
636 37
34 842
235 242
489 554
739 828
315 771
33 296
888 31
515 678
415 224
614 716
737 254
187 89
155 78
352 978
493 387
618 914
875 672
634 500
638 187
767 175
453 536
271 976
233 337
79 708
323 919
272 97
638 187
869 745
116 297
924 205
342 790
854 766
88 810
368 64
878 469
703 336
416 939
643 983
48 552
71 572
795 347
274 233
812 614
833 702
993 682
639 463
112 926
288 529
768 948
724 263
135 712
477 192
983 396
330 900
914 974
215 894
370 257
735 640
772 178
868 283
679 288
903 210
444 898
18 403
953 863
324 543
534 521
460 194
923 33
528 619
188 166
184 849
451 52
645 326
446 322
111 85
97 779
742 988
92 308
438 125
445 931
27 695
728 454
222 962
927 798
166 749
842 371
890 343
577 666
119 624
422 613
859 824
843 670
480 43
200 709
652 505
523 326
125 700
329 133
661 919
551 347
590 223
432 280
507 783
615 124
759 150
667 558
473 998
953 863
116 297
181 903
330 900
577 666
449 893
170 386
543 324
558 181
634 500
836 244
557 549
295 868
504 405
244 73
476 466
491 370
3 909
905 292
691 512
950 896
388 68
313 808
528 765
995 321
405 943
736 149
808 803
72 99
304 962
155 78
193 777
584 591
700 622
118 887
112 595
83 938
620 845
843 670
100 892
791 547
620 845
847 781
427 662
612 541
845 202
269 212
77 569
445 15
729 912
110 438
684 58
267 287
339 61
324 32
693 629
356 101
680 33
985 53
785 274
269 212
617 487
396 983
71 572
672 418
276 363
34 842
400 704
470 959
131 139
61 583
295 159
127 446
30 875
509 3
613 349
475 856
665 258
624 416
609 695
94 425
885 914
933 899
355 13
365 89
76 78
267 287
401 576
356 101
968 209
492 916
855 879
259 570
306 327
171 922
735 640
7 467
586 243
614 716
866 182
451 52
986 994
807 615
212 880
692 832
542 16
384 611
856 77
953 863
750 44
540 255
793 591
585 296
363 582
870 764
894 119
906 514
642 867
796 723
861 433
772 178
359 241
929 681
429 750
1 404
852 101
681 22
147 621
820 432
213 471
325 465
960 772
338 125
127 446
534 174
757 539
59 105
52 158
963 744
87 313
670 184
680 923
762 65
845 202
37 295
77 569
273 745
466 730
563 436
764 693
659 739
779 509
440 263
241 359
504 405
58 963
398 754
257 268
338 125
890 343
848 890
854 134
806 861
311 145
948 883
803 733
715 339
329 374
782 105
317 114
330 900
857 376
255 931
578 925
635 541
96 564
581 740
408 663
872 60
427 662
842 371
590 223
56 297
147 494
355 13
843 670
819 724
990 497
186 451
770 790
466 730
346 681
417 234
277 207
888 31
723 825
772 178
240 155
232 56
157 398
607 23
940 889
552 901
523 326
492 916
162 28
636 37
343 890
569 419
888 31
888 31
205 969
733 67
389 798
665 258
336 703
137 345
624 416
894 119
280 157
615 807
574 552
765 63
303 210
745 219
912 979
376 7
172 513
584 591
407 471
389 798
86 429
63 653
504 405
581 740
865 659
297 116
663 481
790 665
279 358
770 342
370 257
693 758
745 219
465 711
248 716
119 624
452 543
185 72
294 729
207 945
742 988
221 2
446 322
296 460
875 672
923 33
32 846
497 570
289 757
948 883
765 63
736 82
865 659
670 344
908 252
931 15
744 963
970 859
396 983
505 410
106 307
383 177
63 368
889 688
285 648
322 302
33 923
416 406
522 421
95 53
412 616
812 614
544 498
818 546
339 61
812 614
559 719
849 964
275 913
172 513
482 985
380 996
83 391
910 540
798 430
547 518
970 992
886 369
903 210
800 366
558 181
545 249
694 881
956 773
973 981
798 430
465 711
502 215
21 370
794 799
199 696
343 778
91 696
829 431
314 148
201 167
236 791
634 291
822 458
133 851
770 342
580 74
69 294
84 565
930 936
363 582
379 236
148 188
238 669
891 452
988 760
147 494
467 92
296 460
92 511
220 620
975 453
774 345
901 862
344 184
887 154
326 645
963 855
576 401
523 326
562 81
605 266
802 761
545 249
781 566
669 200
419 927
844 649
538 930
730 637
750 44
866 182
769 317
674 384
879 743
859 824
973 981
34 842
642 385
965 375
594 886
419 927
924 205
472 514
947 812
289 757
143 377
106 307
123 813
908 286
367 532
532 819
82 149
723 786
770 342
999 56
266 605
313 808
47 126
886 369
786 103
944 146
508 600
341 359
106 307
204 11
646 826
848 343
184 964
314 292
337 163
740 373
186 451
528 765
901 862
204 872
205 969
734 493
666 432
740 601
693 758
639 463
779 509
872 264
687 372
54 910
63 368
531 5
307 378
700 622
129 659
522 553
190 623
123 813
715 771
914 162
748 922
752 489
725 847
47 126
716 946
220 620
994 674
577 666
317 114
274 233
149 333
151 625
90 401
628 51
418 658
232 56
335 56
802 647
197 759
656 756
131 139
419 927
637 784
866 182
630 51
203 272
973 981
563 439
511 92
15 707
7 461
487 567
109 617
264 915
818 546
706 434
330 900
257 268
295 159
698 357
647 1000
832 584
187 89
668 331
188 166
572 459
268 435
738 220
320 538
811 427
484 639
727 550
72 523
454 728
760 230
820 280
824 866
879 128
535 989
972 58
764 693
298 810
136 91
459 444
365 480
545 249
52 158
262 589
312 841
414 377
520 482
702 34
945 4
153 465
582 950
154 687
133 801
239 83
70 844
348 652
768 982
50 380
276 363
673 486
669 200
533 292
313 808
964 638
896 441
979 684
61 583
102 272
544 498
113 50
53 605
120 45
521 151
109 617
939 811
995 321
736 149
197 759
958 485
693 758
884 408
134 555
185 72
970 859
914 162
677 403
82 736
936 422
154 687
949 519
899 524
592 189
321 109
541 348
848 890
196 904
943 477
220 620
2 98
192 443
208 465
961 652
950 896
849 638
995 321
48 574
131 527
495 704
16 548
582 950
616 142
617 487
89 365
883 562
300 967
541 348
811 427
474 491
895 495
583 282
488 540
30 875
622 697
770 790
772 178
859 824
800 366
704 714
625 442
255 931
728 454
559 633
1000 895
975 453
896 441
258 657
72 523
861 433
920 590
923 296
529 117
425 478
159 868
447 172
951 854
398 650
46 138
108 488
87 313
208 270
709 111
270 325
880 235
958 485
911 995
114 848
634 500
31 49
546 561
764 693
518 951
501 80
392 518
358 83
727 550
96 315
62 136
438 700
188 749
555 999
996 525
928 113
427 9
160 387
186 451
798 430
85 274
567 959
87 313
338 700
171 977
497 259
858 970
182 528
445 15
842 371
998 853
887 154
929 681
270 465
827 607
101 865
333 86
424 492
974 261
367 532
925 545
955 142
815 165
455 660
228 192
919 975
809 155
459 444
918 725
275 928
870 952
585 460
425 478
627 797
808 803
530 140
130 956
716 946
705 949
70 844
86 429
882 360
959 437
117 306
61 583
216 549
969 316
147 494
365 480
794 799
36 999
628 51
566 533
372 237
896 441
201 167
25 490
722 544
656 756
490 644
911 17
852 865
443 300
36 999
820 280
121 688
121 688
216 549
326 958
92 308
101 865
239 83
875 672
347 84
689 104
536 805
222 962
861 329
161 581
460 705
855 879
958 485
534 521
916 492
559 719
819 263
610 423
206 279
316 908
179 575
732 838
7 461
865 659
230 933
474 21
922 977
474 21
361 836
518 951
976 795
629 917
817 504
488 910
593 886
746 361
7 467
711 277
883 562
79 708
947 812
607 23
921 284
17 911
575 535
384 611
817 504
976 795
165 390
134 36
955 142
211 27
871 362
196 190
982 948
461 467
487 470
250 736
308 738
429 750
279 358
511 308
283 918
19 169
804 920
762 65
781 533
596 35
572 459
522 421
757 806
948 883
889 121
299 35
694 246
571 680
329 133
329 133
232 116
720 753
462 891
152 238
822 418
691 512
721 984
123 813
681 22
337 163
395 247
492 123
729 912
14 846
651 6
361 836
106 307
383 177
353 336
408 663
602 281
743 127
142 955
829 431
561 980
798 430
876 65
990 497
709 111
517 762
797 221
413 312
81 293
498 679
84 565
419 389
111 85
379 791
429 44
476 466
158 755
594 886
918 725
645 958
459 444
979 972
610 423
477 192
186 451
763 186
326 958
582 950
385 132
639 463
651 6
89 480
791 392
797 221
663 481
370 257
890 778
90 576
249 196
189 934
94 478
159 265
883 562
264 915
401 576
972 58
632 856
290 556
579 454
185 72
930 936
818 546
255 931
901 862
950 896
491 370
219 30
126 29
585 460
217 748
906 514
149 428
483 179
447 172
574 997
575 535
757 806
638 187
192 443
353 336
96 315
181 903
471 670
745 219
212 880
818 546
693 758
361 836
392 518
2 98
915 289
453 536
911 17
260 507
746 361
519 366
888 31
401 599
107 231
605 266
559 719
255 445
804 920
656 756
667 558
423 375
492 123
862 26
323 919
731 924
677 403
7 467
192 443
158 610
585 460
249 196
357 937
306 138
841 641
73 301
928 913
888 31
24 284
605 606
900 888
443 967
720 648
406 416
330 900
819 173
634 500
147 494
340 793
865 659
342 665
797 221
114 848
414 597
168 334
416 939
374 851
470 959
309 802
471 670
731 924
705 194
41 874
825 103
502 215
404 726
464 41
25 490
151 625
302 971
977 141
922 977
111 785
661 919
173 724
717 522
525 18
557 549
654 853
7 467
700 697
785 274
517 762
393 651
83 938
649 346
108 54
192 443
126 29
7 467
790 342
670 344
136 91
361 836
894 119
620 845
85 274
629 70
863 932
186 451
812 614
465 711
987 353
773 626
933 899
161 581
472 906
294 729
515 678
764 693
524 520
899 524
124 250
161 581
189 934
238 669
514 383
282 769
368 309
414 143
798 430
488 910
294 729
147 494
745 219
885 618
516 684
450 701
546 561
633 719
169 178
939 811
154 687
871 595
815 165
927 798
611 227
529 117
961 652
454 728
823 908
163 986
442 356
308 738
616 955
594 886
987 712
402 106
101 865
556 290
100 892
854 134
682 664
189 499
810 267
679 288
659 739
583 282
336 479
497 259
806 433
470 959
114 848
816 592
706 434
100 334
334 953
961 652
189 499
516 58
533 351
742 988
672 658
781 566
774 345
381 240
607 676
364 542
71 572
302 993
267 287
486 136
80 176
260 507
80 415
237 727
839 185
282 769
740 373
349 217
494 722
280 775
12 52
591 381
795 347
299 35
791 547
546 561
211 27
319 855
521 174
577 666
463 646
342 665
109 821
344 184
984 27
674 384
478 222
577 666
345 475
285 753
315 715
850 746
466 730
729 912
362 871
339 61
366 57
98 671
395 247
100 334
785 274
433 861
45 203
729 912
740 373
503 364
315 564
469 66
814 749
265 159
167 982
22 88
26 770
968 47
886 369
550 966
169 178
170 386
762 65
646 271
307 378
20 667
14 483
308 738
932 656
731 378
900 888
650 311
55 320
317 114
142 955
469 66
466 730
774 345
822 658
412 616
977 141
767 175
165 390
888 31
94 478
442 101
282 769
271 826
280 775
532 819
409 331
34 842
219 30
182 528
922 977
982 948
586 243
781 351
823 252
528 765
552 997
311 145
624 416
266 605
81 293
309 761
50 380
22 88
811 427
575 535
46 138
882 360
330 900
782 105
593 886
63 368
522 421
63 368
460 705
538 320
762 65
674 384
651 6
85 274
738 220
578 925
92 308
645 326
943 477
934 499
996 525
45 203
37 295
934 991
73 301
10 51
634 291
207 945
486 136
138 79
647 1000
879 743
244 73
372 237
208 270
396 983
417 234
954 977
408 663
187 89
495 704
538 930
228 192
319 855
842 371
919 323
207 945
6 780
260 507
896 441
545 249
625 442
385 152
267 287
830 146
583 282
159 918
637 784
110 438
740 373
651 6
233 337
239 358
580 655
290 615
64 761
124 250
790 342
735 640
511 92
345 475
171 977
576 599
969 316
883 562
498 679
741 106
66 571
990 497
639 463
419 389
461 467
187 365
453 536
34 842
485 537
151 625
547 392
616 955
753 648
498 679
912 979
551 795
960 772
361 836
385 867
360 474
621 494
546 561
759 150
528 765
12 690
377 500
256 171
249 904
223 720
579 457
573 860
623 190
422 936
53 985
611 227
533 351
611 227
391 501
581 740
530 140
585 460
83 938
846 560
805 93
763 186
740 373
348 652
48 552
214 737
920 590
779 509
880 242
583 282
987 353
627 797
158 328
850 746
741 106
21 370
321 109
466 730
706 434
638 187
31 49
143 634
236 379
722 544
178 206
282 769
83 391
609 211
885 914
665 258
594 886
283 918
395 247
58 963
391 501
450 41
927 798
419 927
207 945
845 202
871 595
816 189
515 678
382 887
5 436
113 50
906 514
67 864
992 859
757 539
692 832
373 601
822 418
163 994
29 247
355 13
221 2
433 329
29 395
887 154
689 104
424 916
930 936
532 819
371 355
415 224
72 523
114 848
830 10
728 454
537 276
778 534
332 829
437 118
513 568
759 150
754 650
710 455
445 15
477 192
944 146
350 50
710 455
665 258
971 682
647 1000
874 20
658 857
762 65
735 640
494 722
34 842
949 156
30 875
904 196
946 578
663 481
259 201
666 432
227 424
453 536
544 498
235 840
533 905
50 380
509 3
2 98
578 925
156 949
68 388
852 865
618 914
970 992
120 45
613 349
435 268
120 45
607 23
359 241
613 349
687 372
512 721
244 73
195 698
734 493
25 644
543 32
70 844
850 746
132 152
486 136
68 735
419 389
261 717
644 490
419 927
665 258
406 939
75 621
311 145
301 907
799 742
552 901
807 124
203 102
68 388
693 629
253 54
910 488
862 26
947 812
103 531
639 463
656 756
223 720
291 835
765 63
160 387
729 912
461 467
385 132
540 255
676 818
336 479
82 149
626 299
154 687
244 73
874 20
110 125
719 574
212 880
777 600
277 207
296 460
290 807
499 991
580 655
64 802
373 601
35 318
520 95
473 998
56 116
860 413
831 496
447 172
871 112
995 321
878 469
66 571
4 541
300 443
471 670
598 298
934 991
489 554
44 269
952 764
611 227
175 75
728 260
612 541
470 959
25 490
625 356
776 93
87 313
914 974
216 549
558 181
585 460
895 495
918 725
101 865
577 666
514 383
63 653
186 451
390 816
217 256
490 710
212 880
364 503
659 739
559 633
58 744
365 89
82 149
883 562
522 421
16 548
528 619
228 192
357 937
114 848
891 452
965 375
152 238
126 395
850 746
113 350
707 216
965 144
722 544
790 665
83 938
695 131
981 185
659 739
220 620
648 753
266 606
527 777
784 699
812 248
781 351
718 165
918 283
91 199
640 130
42 8
158 610
167 768
390 816
136 91
824 866
923 33
72 523
809 381
498 679
72 523
165 390
348 652
45 203
252 388
600 713
380 996
31 49
532 819
826 976
738 220
406 939
626 299
735 640
912 979
256 954
371 355
165 390
582 950
154 687
317 114
232 297
410 1
1000 895
32 483
22 298
816 189
262 606
524 520
441 944
191 361
841 641
594 886
53 266
77 569
207 945
770 790
914 974
707 557
226 534
298 810
238 669
218 402
747 408
341 359
379 236
46 138
458 857
2 98
637 784
688 59
61 583
228 192
755 610
459 444
729 912
44 269
341 241
271 976
497 259
734 420
567 959
848 890
656 756
86 429
14 846
92 511
433 861
751 100
190 275
480 40
775 398
936 422
148 188
818 546
649 929
483 560
721 38
510 285
253 108
978 352
734 631
226 534
649 346
78 76
848 890
340 793
398 650
933 899
923 33
798 430
578 925
967 752
592 189
103 531
371 355
520 225
82 149
245 230
157 398
610 755
878 469
176 415
516 58
254 643
415 224
18 403
648 87
914 162
646 271
607 676
886 369
115 639
976 551
664 636
683 71
562 81
627 797
926 831
468 654
363 582
137 345
239 83
460 194
651 6
930 422
631 493
152 238
2 98
21 370
994 986
214 435
418 458
160 387
405 943
755 423
685 476
51 691
562 293
660 462
291 685
504 943
876 17
181 903
468 69
403 556
537 276
434 457
428 86
564 315
362 112
205 969
699 183
191 836
276 363
421 794
918 725
227 424
859 992
683 71
766 134
226 534
864 197
867 385
886 369
278 973
753 510
563 5
227 424
608 311
9 935
575 535
650 311
503 542
996 525
181 303
391 938
42 180
23 676
84 565
250 82
703 336
414 143
279 358
430 604
556 290
403 290
331 77
42 180
638 187
441 944
952 764
460 194
487 470
52 690
70 844
126 395
55 526
787 734
98 671
212 880
396 833
611 227
656 756
682 664
674 384
787 734
812 248
708 871
216 557
460 705
66 571
319 879
68 735
717 522
212 880
894 119
277 207
807 124
23 676
862 834
379 236
394 447
180 137
414 714
59 105
443 300
445 15
413 312
59 105
696 869
463 646
93 367
742 988
803 733
312 841
49 96
965 144
797 221
226 534
499 934
787 734
383 177
128 743
1 726
331 632
947 812
322 302
749 642
779 509
577 666
46 79
87 313
876 17
541 961
854 766
902 364
550 727
572 459
154 687
512 38
882 360
635 541
477 192
735 640
156 519
299 35
345 475
347 84
963 319
944 830
280 775
73 301
936 613
877 987
415 224
603 273
356 442
671 394
981 185
106 307
917 844
207 945
585 296
524 520
592 189
764 693
237 550
124 250
723 825
914 162
906 514
515 678
867 152
987 353
272 102
718 165
312 841
886 369
498 679
577 666
862 26
986 674
483 179
894 119
539 806
21 370
457 454
761 647
761 647
986 674
577 666
680 923
190 275
338 125
208 465
33 296
794 799
931 15
665 258
559 719
406 939
983 833
364 542
908 286
440 870
243 110
951 854
708 871
663 481
391 80
719 574
248 614
948 883
380 996
623 190
970 992
853 654
801 330
278 973
494 722
140 204
643 983
218 402
842 371
413 312
457 728
135 987
560 179
734 420
174 521
985 53
955 142
533 351
439 919
775 398
622 697
978 968
157 398
999 56
391 80
164 231
168 334
481 135
511 308
834 770
251 706
937 618
334 953
598 810
624 406
256 922
446 322
107 587
974 261
883 562
303 210
413 312
600 713
518 951
871 112
180 774
549 25
252 68
607 676
64 761
886 369
677 403
316 823
930 422
683 71
328 423
550 966
111 85
206 279
917 844
623 275
535 989
550 727
356 101
558 181
49 96
286 252
405 228
596 318
472 514
977 278
661 919
735 640
320 930
269 212
878 469
534 226
486 136
580 655
346 681
917 70
550 727
109 617
250 736
414 597
621 147
67 864
970 992
824 866
373 947
380 996
185 839
78 55
781 351
77 569
973 981
262 115
337 163
561 352
289 757
568 873
900 888
984 27
859 824
807 124
883 562
345 475
707 216
236 379
502 215
285 87
689 104
508 600
690 52
503 542
532 819
842 371
800 366
313 808
910 540
276 363
920 590
350 380
497 570
392 518
137 774
599 379
166 642
678 354
368 64
890 778
33 585
301 907
326 645
693 758
237 727
717 522
33 923
640 130
934 991
515 678
364 503
97 779
866 182
17 911
497 259
460 194
169 178
909 515
105 502
861 329
737 643
1 404
886 369
735 640
844 649
143 597
209 968
669 200
689 104
20 667
623 275
430 604
20 667
349 217
200 709
960 19
278 973
819 440
909 515
336 703
221 2
628 630
455 660
325 208
181 303
334 953
126 395
541 348
311 448
624 416
504 943
848 890
490 710
161 581
382 887
269 212
400 704
877 712
620 845
693 629
339 61
23 818
782 789
453 536
674 384
249 904
903 210
892 334
802 647
895 495
542 16
274 233
458 376
505 410
6 780
238 669
845 202
647 1000
234 417
526 320
966 763
530 140
779 509
603 273
662 935
570 201
518 951
133 374
415 224
553 421
924 205
434 457
674 384
620 845
360 882
899 524
305 167
796 281
858 970
81 293
822 458
402 741
114 848
353 703
467 511
768 982
690 158
330 900
344 964
313 808
58 963
247 8
216 557
723 786
86 429
537 276
755 423
268 737
651 6
971 993
477 192
500 291
877 987
130 956
429 44
261 28
98 394
502 215
626 299
727 966
875 672
660 462
814 642
885 914
192 300
880 840
836 244
617 487
591 381
825 786
367 532
77 569
737 254
982 948
175 75
116 921
244 73
666 432
896 441
524 520
540 255
762 876
454 728
744 855
243 110
777 600
19 960
679 288
295 868
723 825
565 164
750 269
962 393
866 182
517 762
762 876
722 544
970 859
452 324
42 180
65 17
924 205
140 204
579 457
379 791
797 221
574 997
276 363
685 476
102 97
265 868
724 173
933 899
779 509
30 875
607 676
253 54
463 646
824 866
124 250
735 640
776 93
437 118
632 856
851 330
996 525
72 523
479 120
264 915
341 241
951 766
55 538
15 198
140 204
463 646
328 423
641 90
224 787
554 689
845 202
947 812
990 497
613 349
726 251
297 921
491 21
797 221
313 808
806 861
272 97
969 316
720 510
60 11
817 504
437 382
710 455
279 358
147 494
536 805
959 437
47 126
266 606
545 249
814 642
730 637
545 249
194 949
262 484
899 524
221 2
826 976
149 333
254 643
772 178
421 794
104 449
467 92
780 897
931 15
287 837
798 430
31 49
575 535
825 103
756 990
464 41
205 969
945 635
698 357
590 223
578 925
834 770
151 625
179 575
626 299
915 289
301 907
794 799
783 425
464 874
233 337
781 566
300 967
200 709
47 126
296 585
993 682
350 380
315 715
885 914
466 730
359 241
692 832
317 114
793 591
513 568
525 18
203 272
608 311
656 756
737 643
7 461
102 272
144 692
363 582
672 822
577 666
29 395
109 617
735 640
45 203
541 961
864 197
337 163
404 726
604 858
978 980
364 542
855 319
150 694
905 314
607 676
65 911
919 975
785 274
810 267
895 495
192 300
871 595
571 680
534 521
862 834
838 161
79 708
686 882
934 499
285 648
259 305
57 411
840 718
612 541
940 121
910 540
276 363
358 83
597 500
546 561
247 42
321 109
549 25
264 915
748 171
661 323
188 749
785 274
398 650
526 320
960 772
113 350
657 940
704 400
139 131
796 723
403 556
781 566
165 390
344 849
222 304
653 63
583 282
126 29
645 958
936 422
581 740
447 172
183 767
659 739
514 383
45 203
423 375
181 903
984 27
734 493
270 153
988 245
69 294
832 340
102 272
386 218
988 760
75 147
628 10
798 430
576 401
255 931
747 408
145 448
295 265
631 493
16 827
211 695
767 175
956 773
544 498
375 144
244 73
16 548
628 51
296 585
149 333
27 695
285 648
642 385
652 505
322 302
433 329
291 685
613 349
376 7
130 956
82 149
476 466
895 495
728 260
411 234
905 314
596 35
295 265
410 404
100 334
221 2
622 697
503 364
54 108
916 123
540 255
130 956
810 267
976 551
817 504
665 258
827 607
804 920
530 140
993 682
178 206
782 789
752 489
818 546
637 784
412 616
671 394
836 244
594 886
29 247
780 897
888 31
103 531
80 415
522 421
110 338
922 171
769 317
20 667
49 96
637 784
234 751
193 527
277 207
394 671
635 4
510 648
725 847
806 861
738 220
393 39
896 441
475 632
879 743
204 60
455 660
459 444
720 648
523 645
514 383
973 981
453 536
691 512
122 698
81 850
175 75
815 718
738 220
104 449
893 517
469 66
880 235
638 187
680 923
72 523
817 504
570 201
353 336
170 386
651 6
208 325
871 595
122 698
391 176
393 651
279 239
495 400
191 361
517 762
933 899
860 413
531 563
728 260
171 954
832 340
626 299
961 652
675 167
555 999
438 125
128 127
862 834
373 601
960 19
739 828
512 38
342 665
810 267
245 230
681 22
213 471
784 699
890 778
270 153
673 486
948 883
196 904
92 308
631 420
406 939
817 504
690 158
979 684
745 219
540 255
778 534
213 407
202 732
144 692
572 459
301 907
51 691
187 89
343 778
280 157
770 342
820 280
572 459
917 844
619 653
11 264
321 109
613 349
426 788
451 690
852 101
435 737
12 52
811 427
568 747
513 873
520 225
463 646
93 367
415 224
929 681
724 952
423 375
217 748
483 560
742 988
449 893
218 741
374 133
134 36
446 322
158 610
204 872
983 833
15 198
61 583
330 900
985 605
434 579
727 966
442 356
555 999
174 151
127 446
806 539
616 142
212 880
383 177
840 718
174 151
793 591
818 546
180 137
757 806
190 623
910 540
360 882
400 714
114 848
890 778
978 980
91 696
22 598
277 207
527 508
973 981
136 91
135 877
878 469
758 70
336 479
460 194
816 592
513 873
668 77
879 743
266 606
479 120
886 369
756 990
962 393
870 764
69 294
645 958
992 824
372 237
385 867
636 37
21 491
971 993
114 848
455 660
26 770
105 502
517 762
57 411
949 156
608 311
79 708
679 288
485 537
563 5
335 999
707 557
925 545
4 612
884 408
583 282
475 409
244 73
672 418
991 683
279 358
25 490
512 721
508 777
51 691
139 193
692 832
746 191
316 823
623 275
545 249
185 839
559 633
740 601
912 979
614 716
32 14
71 572
354 678
325 208
692 832
643 254
92 308
514 383
746 191
111 785
806 861
159 918
452 324
870 764
330 900
720 648
821 487
779 509
159 918
15 707
928 113
649 929
609 27
616 142
479 120
681 22
448 686
950 896
70 917
337 163
569 419
773 626
455 660
718 165
201 167
411 417
924 205
924 205
303 210
495 400
195 698
719 48
140 204
488 910
545 249
230 933
366 57
247 8
253 108
564 315
633 574
626 299
875 672
220 620
596 35
811 427
316 823
498 679
611 227
967 752
131 193
788 310
567 959
475 409
180 774
267 287
403 290
626 299
827 548
861 329
532 819
984 609
156 519
770 342
134 36
391 938
876 911
750 269
938 391
941 829
42 180
769 317
594 593
656 756
639 463
353 336
852 101
311 448
113 350
247 42
973 981
315 771
510 648
448 686
831 496
941 829
35 318
471 843
28 717
684 972
226 174
91 199
384 611
936 613
866 182
217 256
910 540
68 735
323 975
184 964
337 163
261 717
404 1
263 870
177 673
236 791
366 57
113 50
399 229
982 768
579 728
371 355
256 954
195 122
955 142
172 513
291 835
165 390
172 513
424 916
921 450
639 463
989 122
91 199
859 824
527 508
854 134
362 595
329 374
800 519
264 915
857 458
373 601
656 756
466 730
773 626
855 879
140 204
900 888
806 539
23 818
209 47
88 598
982 948
445 15
734 420
53 266
819 440
462 891
514 383
436 919
324 543
67 864
858 970
91 696
12 158
434 457
584 793
231 412
493 631
133 374
197 759
758 70
427 9
202 732
205 969
950 896
116 921
157 398
464 874
45 203
586 243
104 449
183 767
54 910
84 565
627 797
101 865
634 500
511 308
366 57
12 158
420 493
46 79
461 511
293 850
513 873
460 705
932 863
95 482
577 666
828 998
845 202
324 14
289 757
745 219
323 919
344 184
424 492
379 236
899 524
862 26
464 41
15 198
155 78
199 869
2 98
71 572
496 19
847 781
403 556
972 684
344 964
160 804
14 32
728 260
801 851
622 697
138 79
879 743
390 816
131 139
957 213
835 685
748 171
486 136
656 756
767 175
523 326
163 994
176 415
875 672
718 165
525 677
99 326
638 187
161 581
274 233
804 920
555 335
273 745
880 235
362 871
635 541
290 556
995 321
782 59
724 870
282 769
559 633
90 576
777 600
265 868
468 69
746 361
34 842
975 453
460 194
731 924
46 79
208 153
297 921
903 210
627 797
47 126
647 1000
617 487
520 225
210 170
671 447
280 157
60 264
11 264
576 401
300 967
846 560
269 212
500 634
983 833
330 900
41 464
874 20
601 947
207 945
288 529
684 972
661 439
528 619
47 126
9 935
403 556
879 743
964 638
482 225
812 614
420 387
221 2
100 168
404 726
608 650
939 811
469 66
39 393
66 571
650 754
841 641
751 168
158 755
472 514
243 110
694 586
824 866
105 502
615 124
669 200
887 154
466 730
584 793
767 175
203 272
911 995
759 150
504 405
248 716
475 331
864 197
916 123
767 175
197 759
149 333
265 918
517 762
844 649
269 212
836 244
178 206
244 73
512 38
767 175
967 752
170 386
36 555
716 946
501 80
44 269
40 878
965 144
84 565
506 793
712 353
220 620
250 736
954 977
599 379
107 412
451 12
618 885
199 869
224 787
1 726
173 870
76 526
72 523
520 225
232 56
347 84
988 245
345 475
787 734
309 761
943 405
876 17
270 465
867 132
866 182
411 234
234 751
149 333
804 920
952 764
718 165
312 841
776 805
569 419
585 460
774 345
484 639
349 217
952 870
466 730
705 156
441 944
442 101
542 16
250 736
134 555
95 985
426 788
241 627
431 580
841 641
532 819
471 670
843 670
263 870
925 545
530 140
788 399
638 187
520 225
731 378
142 559
343 778
202 732
486 62
970 992
531 5
67 864
550 966
499 683
455 660
283 918
877 712
295 159
949 156
353 703
955 142
568 884
241 627
595 926
813 341
291 685
577 666
43 878
477 192
945 4
16 548
751 100
775 398
740 601
939 811
360 474
797 221
886 369
776 93
399 310
476 466
458 376
353 703
875 672
668 77
829 431
955 559
202 732
748 922
711 277
223 720
819 263
229 332
971 993
912 979
944 146
459 444
178 206
924 205
291 685
264 915
704 414
224 787
288 529
924 205
319 855
636 37
878 469
320 930
733 67
707 216
344 964
857 376
952 870
451 690
290 615
893 517
334 953
192 300
180 774
718 165
390 816
758 917
373 601
58 744
623 275
666 432
726 251
603 456
474 491
359 627
776 805
366 57
7 467
104 449
307 731
140 204
878 469
227 424
493 160
493 160
784 699
444 898
216 549
616 955
611 227
758 917
468 69
2 98
718 815
948 883
593 886
552 901
590 223
524 520
446 322
69 294
84 565
275 588
54 108
987 353
870 952
770 790
61 583
319 879
871 112
548 827
682 664
636 37
103 531
503 542
902 503
966 186
2 98
282 769
473 828
641 90
302 993
847 781
830 630
14 846
294 729
111 785
462 891
619 653
46 79
369 788
907 906
252 68
279 358
165 390
202 732
135 877
739 473
669 200
967 752
97 779
733 67
804 920
638 187
568 884
214 435
20 667
906 514
883 562
521 151
32 560
276 363
199 696
683 71
145 448
529 117
372 237
511 92
338 438
264 915
314 148
627 797
90 576
444 898
314 905
699 183
665 258
328 423
203 272
456 745
180 774
818 546
417 751
660 462
996 525
104 449
605 606
289 757
295 159
760 245
665 258
663 481
176 80
539 806
725 847
847 781
144 692
183 767
131 527
879 128
244 73
99 326
356 101
950 896
587 412
708 362
424 492
958 485
956 773
308 738
232 56
175 75
721 984
230 933
281 723
291 835
491 21
524 520
324 32
441 944
485 537
794 799
185 72
831 19
739 828
158 610
800 366
472 514
256 748
575 535
627 797
34 842
990 497
243 110
870 952
561 352
417 234
559 633
773 626
626 299
979 516
671 447
740 601
443 967
269 212
576 599
54 108
636 37
283 918
844 649
321 109
827 548
160 804
5 661
965 375
826 976
360 474
832 506
779 509
590 223
924 205
69 294
751 168
979 516
535 989
438 697
38 984
172 513
282 769
53 266
113 350
565 164
866 182
66 571
12 158
289 757
433 329
206 279
339 61
379 791
402 741
925 545
646 826
41 464
716 946
378 731
569 419
470 959
789 502
334 953
487 470
695 131
364 542
221 2
177 792
478 222
572 459
995 321
950 896
840 718
116 921
169 178
395 29
688 782
894 119
900 888
239 83
356 101
29 247
220 620
307 378
208 325
667 558
827 607
508 600
842 371
513 568
497 259
23 676
461 511
643 254
290 615
496 831
833 702
851 330
651 6
586 243
336 479
608 311
826 976
291 685
675 305
880 242
61 583
3 909
728 260
85 785
62 136
882 360
952 764
320 930
649 346
126 395
947 812
918 725
501 415
665 258
421 553
18 403
752 489
705 156
739 473
212 880
183 767
115 484
204 872
430 858
898 577
293 850
990 497
567 470
608 311
911 995
670 184
200 709
659 129
624 406
578 925
371 355
207 945
160 804
490 710
961 652
551 795
659 739
287 837
535 989
466 730
502 215
27 695
578 925
195 122
135 712
16 548
56 297
469 66
299 35
290 615
795 551
148 188
382 887
740 373
898 577
44 269
894 119
791 392
73 301
338 700
826 976
119 624
163 986
497 259
115 639
294 729
419 927
106 307
166 642
793 591
264 915
687 372
68 735
215 894
428 86
324 543
733 67
664 636
86 429
733 67
39 651
878 469
679 288
841 641
524 520
962 393
30 875
760 245
100 168
362 112
963 855
701 464
358 83
867 152
562 81
578 925
630 10
524 520
708 871
916 492
740 373
439 919
317 114
625 442
477 228
689 104
857 376
110 338
151 625
738 220
900 888
486 62
98 394
949 156
599 379
156 800
394 671
575 535
121 688
184 964
504 405
25 490
763 451
144 692
22 598
715 339
989 195
789 502
158 610
420 160
941 829
364 503
370 257
211 695
454 728
313 808
387 804
140 204
153 711
798 430
316 286
129 739
984 609
609 695
63 368
62 136
995 321
783 94
944 830
523 326
417 751
441 944
772 178
832 506
565 164
446 322
699 183
858 970
752 554
97 779
30 875
518 951
137 345
217 256
144 692
250 736
277 207
429 44
372 237
125 438
341 359
422 613
840 235
99 326
307 731
182 528
889 121
1 404
270 465
263 870
203 102
275 928
612 348
599 236
193 527
641 90
130 956
408 663
28 717
156 800
342 790
59 105
133 374
61 583
312 841
922 977
896 441
33 296
265 159
595 926
151 625
740 601
892 334
962 304
784 699
958 485
301 907
309 802
312 841
263 173
346 929
440 870
283 725
468 853
116 921
603 869
547 518
762 65
518 951
6 780
937 357
453 536
636 37
976 551
315 771
652 505
113 50
552 901
422 613
8 180
897 253
458 857
461 92
422 613
777 508
970 859
609 27
117 327
420 493
532 819
336 479
798 430
339 61
926 831
174 521
663 481
671 394
219 30
995 321
19 960
509 3
562 81
852 865
208 465
670 344
308 738
738 220
615 124
656 756
757 806
124 250
359 627
440 870
944 146
111 785
190 275
537 276
197 759
991 683
868 918
710 455
1000 895
714 414
309 761
337 163
689 104
40 43
28 717
321 109
823 252
767 175
336 479
224 787
370 257
996 525
491 21
547 518
392 518
837 817
808 803
641 90
906 514
38 984
405 477
308 738
948 883
184 849
8 42
241 359
981 185
528 619
790 665
833 702
355 13
66 571
497 570
479 120
535 989
645 958
829 431
22 88
99 326
739 828
956 773
79 708
313 808
191 836
741 402
430 604
198 216
393 651
109 821
426 310
824 866
535 989
423 965
460 705
998 654
669 200
434 579
632 77
98 394
214 737
937 885
746 361
240 155
176 415
244 73
756 990
821 487
424 492
813 341
966 186
579 728
941 332
186 763
981 839
159 265
537 276
874 20
526 538
143 634
581 740
505 410
425 478
726 251
918 283
203 272
236 791
844 649
891 452
929 681
356 101
234 751
148 188
250 82
274 233
771 715
167 982
857 458
558 181
305 167
334 953
250 736
159 265
250 82
274 233
250 736
845 202
203 102
649 346
490 710
206 279
142 955
59 789
276 363
261 717
879 128
303 210
879 743
863 656
232 116
52 158
354 594
505 410
104 449
743 127
329 133
666 820
311 145
858 970
984 211
271 976
767 175
527 777
282 769
878 469
709 111
367 532
495 704
730 637
385 152
477 228
145 448
478 222
696 273
453 536
883 562
24 450
32 846
330 900
565 164
674 384
27 695
233 337
739 828
919 323
166 749
722 544
440 870
270 465
624 406
18 677
348 961
662 9
260 507
302 993
104 449
190 623
395 247
526 538
139 131
914 974
430 858
462 891
993 971
600 573
819 263
248 716
236 791
878 469
345 475
749 166
719 633
964 849
264 915
806 861
355 13
317 114
625 442
712 353
513 873
727 550
841 641
794 799
68 735
650 608
371 355
626 299
656 756
531 5
356 101
911 17
115 639
308 738
723 786
9 935
947 812
184 849
807 124
73 301
981 185
688 782
120 45
846 179
579 457
410 404
656 756
63 368
83 391
552 997
970 992
801 330
917 844
221 2
478 222
537 276
973 981
883 562
465 153
345 475
42 180
822 857
853 69
471 670
89 480
896 441
618 914
471 670
460 194
598 810
372 237
524 520
341 241
812 614
828 998
920 590
847 781
762 876
361 836
920 590
468 69
377 634
752 489
454 728
268 737
332 829
62 136
114 848
580 902
724 173
469 66
402 106
384 611
816 189
898 577
351 533
812 614
13 602
999 335
368 309
424 492
899 524
269 212
551 347
475 632
882 360
364 542
382 887
449 893
916 492
199 869
635 4
873 568
346 681
534 521
392 547
209 47
795 347
669 200
236 379
542 16
550 966
275 588
733 67
734 631
963 855
286 252
44 750
338 700
784 699
98 394
433 329
22 88
26 770
764 693
323 919
371 355
131 527
929 681
491 21
599 379
894 119
434 457
628 51
495 704
382 887
233 337
508 600
192 300
688 59
308 738
396 833
254 983
577 666
366 57
813 341
870 952
984 211
614 716
865 129
888 31
987 353
843 670
370 257
148 188
460 705
794 799
256 922
412 616
975 453
424 492
834 770
168 334
581 740
703 336
258 940
604 970
555 36
31 49
911 17
774 345
85 274
11 872
957 407
450 701
670 344
539 806
458 857
824 866
854 766
468 69
843 670
515 678
602 281
75 621
870 952
481 135
615 807
559 719
901 862
645 958
455 660
528 765
80 176
583 282
831 496
504 943
408 663
103 531
968 47
571 680
779 509
924 205
97 779
308 738
613 349
441 944
682 664
264 915
505 410
316 908
828 998
669 200
50 350
104 449
504 405
152 238
910 540
225 482
362 871
23 676
27 695
148 188
692 832
950 896
574 552
784 699
961 348
907 906
594 886
391 501
651 6
884 408
602 723
463 646
608 311
318 208
403 290
686 882
95 225
667 558
920 590
741 402
89 480
224 787
776 93
803 733
804 920
568 747
660 462
267 287
589 484
181 903
384 611
243 338
646 826
28 717
712 353
386 218
463 646
878 469
992 859
8 180
1000 895
617 487
934 991
880 235
90 401
530 140
291 685
611 227
854 766
457 728
949 800
130 956
516 972
938 501
385 152
851 801
931 15
432 280
819 173
836 244
566 314
129 739
692 832
630 51
659 739
272 102
712 987
210 170
376 7
942 118
726 706
260 507
581 740
26 770
244 73
847 781
178 206
752 554
416 406
498 679
158 328
21 370
787 734
21 370
346 681
831 496
828 473
386 218
789 502
437 942
798 430
776 805
74 655
427 9
733 67
625 356
950 896
665 258
79 708
906 472
17 911
147 494
564 315
779 509
431 74
387 804
311 145
132 238
726 706
95 482
538 930
469 66
262 606
652 505
62 136
250 736
233 337
987 353
617 487
279 358
783 425
288 529
574 48
409 856
898 577
326 645
372 237
283 725
652 505
79 708
416 939
691 512
984 27
553 794
413 312
70 917
860 413
470 567
601 373
132 238
998 468
849 638
514 383
108 488
98 394
699 183
761 647
941 332
989 122
261 717
954 977
695 139
873 568
786 825
764 693
716 946
253 108
735 640
167 768
345 475
212 880
695 139
971 993
673 486
639 463
766 134
779 509
603 745
192 300
129 739
290 807
919 323
9 397
56 232
221 2
980 968
189 934
984 27
46 79
12 158
512 38
933 899
393 651
370 257
635 4
812 248
450 701
996 525
600 573
387 804
226 174
779 509
486 136
672 658
402 741
660 462
460 705
625 356
476 466
7 461
433 861
642 385
78 55
49 96
414 714
211 27
277 207
417 234
154 687
773 626
161 581
670 184
185 72
905 148
658 857
768 982
693 629
361 836
427 9
765 653
933 899
142 559
37 295
663 481
250 736
334 953
833 702
825 103
763 186
626 299
332 829
505 410
408 663
802 761
483 179
896 441
806 861
580 655
992 824
745 219
877 135
656 756
131 139
914 162
811 427
632 77
163 994
636 37
460 194
6 780
740 373
683 71
229 941
834 26
312 841
489 689
615 807
367 532
368 64
985 53
72 99
336 703
723 825
982 948
404 726
904 623
165 390
319 879
515 678
852 865
497 570
352 978
209 47
582 950
783 94
884 408
699 183
824 866
98 394
726 251
402 741
215 894
90 576
549 25
842 371
566 314
486 62
554 689
30 875
509 3
99 523
526 320
842 371
724 173
633 574
607 23
890 778
999 335
493 160
428 86
163 994
242 815
195 122
761 647
566 905
602 796
148 188
120 45
481 135
895 495
804 920
578 925
49 96
605 266
515 354
178 206
983 833
30 875
469 66
918 725
819 173
571 680
208 465
92 308
793 240
96 315
189 499
341 359
231 412
689 104
3 909
206 279
957 471
575 535
718 165
512 38
982 768
541 612
747 408
636 37
426 788
875 672
641 90
184 849
48 574
620 845
945 635
836 244
140 204
99 523
504 405
479 120
666 432
299 596
296 460
15 198
238 669
780 897
478 222
678 593
159 265
491 370
338 438
480 40
567 470
575 535
272 97
300 967
887 154
151 625
321 109
754 311
6 780
1000 895
670 344
548 607
451 12
787 734
537 276
280 775
465 711
69 294
477 192
476 466
563 5
937 885
413 312
817 504
726 251
665 258
233 337
889 121
216 557
56 297
864 197
237 727
661 436
772 178
185 839
75 621
218 402
975 453
276 363
977 278
87 313
998 853
808 803
248 716
427 662
881 694
945 635
93 367
669 200
788 426
748 256
167 982
33 585
668 632
255 445
866 182
521 151
996 525
831 960
983 833
836 244
912 979
147 494
768 982
318 208
706 434
610 423
489 554
317 114
942 382
813 341
99 645
360 474
570 201
831 19
112 595
596 35
879 128
84 565
157 398
577 666
320 538
116 921
893 517
496 19
72 99
675 305
867 152
149 428
945 635
219 30
401 576
591 809
562 293
872 11
312 841
175 75
15 198
716 946
703 336
353 336
182 528
567 959
291 835
636 37
820 280
301 907
799 742
780 897
973 981
414 377
252 68
67 864
673 486
87 313
818 546
38 984
689 104
794 799
237 727
260 507
55 526
461 467
264 915
99 326
575 535
837 817
242 815
908 252
610 423
67 864
138 79
848 890
667 558
32 846
931 15
629 70
530 140
181 903
289 757
367 532
996 525
965 375
283 725
466 730
399 229
312 841
413 312
612 348
975 453
577 666
146 630
486 136
574 997
506 591
497 570
576 599
106 307
984 609
324 14
616 142
234 417
152 132
662 397
427 9
760 230
754 608
573 860
728 454
930 422
548 827
435 214
444 898
107 412
256 954
260 507
71 572
839 72
699 183
861 433
768 948
78 76
512 721
506 340
330 900
746 361
466 730
71 572
881 586
991 683
921 24
305 167
198 557
200 709
316 823
308 738
264 915
460 705
953 863
46 79
842 371
725 847
644 710
253 54
581 740
197 759
878 469
380 996
323 975
825 103
947 812
254 983
883 562
549 25
365 89
306 46
43 40
511 92
241 627
710 455
916 492
260 507
271 976
51 691
165 390
633 48
286 252
390 592
577 666
64 309
413 312
888 31
743 128
182 528
677 403
770 790
833 702
875 672
341 241
47 126
415 224
646 826
932 656
124 250
594 886
348 652
307 378
674 384
396 833
377 597
861 329
888 31
97 779
531 5
362 595
911 995
441 944
508 777
644 490
760 245
573 860
422 936
72 523
793 809
872 11
288 529
126 29
987 353
708 362
366 57
197 759
404 726
335 999
484 115
854 134
639 463
113 350
410 404
106 307
533 905
536 776
507 783
240 155
976 551
496 19
441 944
55 538
921 24
676 23
694 881
103 531
290 615
472 906
572 459
392 547
613 349
464 874
445 931
816 189
282 769
616 955
343 890
390 592
188 166
520 95
542 16
712 353
465 711
395 247
121 889
449 893
716 946
162 28
429 750
246 586
467 92
476 466
663 481
17 995
185 72
454 260
994 674
726 251
418 458
776 805
485 537
879 128
649 929
759 150
467 92
267 287
1000 895
653 368
787 734
35 318
368 309
502 215
641 90
534 174
499 991
896 441
643 983
486 136
133 801
521 151
13 602
916 123
148 188
471 670
996 525
6 780
742 988
285 87
272 97
671 447
279 358
582 950
897 253
523 645
949 519
268 737
841 641
832 506
926 831
600 573
520 225
423 965
750 44
207 945
165 390
672 658
973 981
483 179
384 611
109 617
57 411
113 50
234 417
680 33
891 452
497 259
548 827
515 678
606 262
354 594
955 559
860 413
96 564
710 455
824 866
944 146
338 700
613 349
808 803
67 864
621 494
90 576
746 361
803 733
773 626
4 635
843 471
138 46
124 250
72 99
785 274
1 404
669 200
12 158
487 567
223 720
721 984
124 250
679 288
200 709
963 855
925 545
322 302
549 25
208 325
598 298
995 321
320 930
278 973
474 491
522 553
733 67
188 749
408 663
214 737
161 581
469 66
674 384
2 98
163 994
947 812
843 670
323 919
385 867
182 528
768 948
230 933
967 752
9 397
900 888
101 865
792 486
41 874
118 887
781 566
787 734
756 990
524 520
862 26
845 202
315 771
729 912
744 963
663 481
40 43
315 715
645 958
474 21
929 681
611 227
871 595
1 404
717 522
954 171
897 253
655 364
871 112
394 671
338 110
811 427
193 777
119 624
453 536
717 522
504 943
380 996
599 236
509 3
842 371
421 794
95 482
710 455
898 577
174 521
581 740
967 752
766 134
944 830
694 586
911 995
106 307
858 604
955 142
60 872
515 354
873 884
346 681
735 640
973 981
793 381
77 569
845 202
108 54
501 415
311 145
748 954
517 762
886 369
899 524
785 274
778 534
212 880
563 661
670 344
967 752
899 524
258 657
532 819
711 277
518 951
726 251
615 807
358 83
376 7
419 927
388 735
691 512
691 512
879 743
524 520
106 307
144 692
844 649
543 14
712 353
590 223
872 264
316 286
241 627
160 804
374 801
454 728
20 667
690 52
382 887
904 190
316 823
280 775
798 430
558 181
62 136
747 408
44 750
975 453
258 657
741 106
764 693
453 536
528 765
35 318
56 297
205 969
616 142
73 301
667 558
433 329
43 878
172 513
965 144
384 611
124 250
132 238
295 265
143 500
35 318
813 341
326 958
516 58
944 146
947 812
429 750
714 143
607 676
636 37
699 183
316 823
941 829
928 588
332 829
271 826
690 158
39 393
557 216
140 204
657 940
431 74
717 522
442 356
97 779
850 746
254 983
650 608
368 64
706 434
908 252
186 451
730 637
203 102
978 352
639 463
462 891
889 121
115 484
710 455
260 507
402 741
289 757
425 94
29 247
97 779
751 100
17 995
641 90
537 276
460 705
595 926
38 721
860 413
138 79
478 222
520 95
132 238
737 643
335 56
302 971
538 930
73 301
161 581
299 596
762 876
643 254
200 709
643 254
301 907
2 98
12 158
400 704
461 92
501 415
127 446
45 203
790 665
8 42
434 457
341 359
715 339
31 49
926 831
806 861
1000 895
268 737
179 575
358 83
990 497
111 85
559 719
241 627
953 932
43 878
523 99
469 66
464 874
363 582
968 209
151 625
203 102
798 430
67 864
565 164
172 513
820 432
182 528
822 458
169 178
461 467
252 388
989 195
86 429
481 877
762 65
587 616
222 962
808 803
54 910
537 276
539 806
340 591
888 31
86 429
950 896
896 441
336 703
773 626
852 865
497 570
106 307
566 351
497 570
569 419
647 1000
660 462
970 992
702 34
725 847
131 527
178 206
39 651
320 930
899 524
369 788
302 993
144 692
12 52
975 453
563 5
288 529
460 705
1000 895
907 906
460 194
318 325
812 614
898 577
374 133
391 938
341 241
451 12
178 206
361 191
7 467
259 570
999 335
57 411
241 359
209 47
828 473
654 853
604 970
84 565
1 404
244 73
293 81
172 513
583 282
312 841
407 213
113 350
891 452
636 37
9 662
845 202
319 879
688 59
358 83
666 820
788 399
516 58
360 882
148 188
252 388
718 165
617 487
479 120
828 998
980 209
676 818
947 812
192 300
907 472
743 127
109 821
427 9
690 158
272 97
302 971
334 953
144 692
601 947
997 901
25 490
806 433
963 319
78 526
304 39
549 25
468 69
419 927
733 67
363 582
872 264
178 206
812 248
708 871
345 475
783 94
599 379
720 648
513 568
192 443
267 287
66 571
30 875
337 163
409 632
996 525
82 736
551 347
696 869
220 620
92 511
592 189
759 150
332 941
988 760
709 111
785 274
264 915
445 15
133 801
243 338
550 966
131 139
31 49
666 432
847 781
771 339
147 494
994 674
874 20
984 609
170 386
366 57
911 995
988 760
562 293
748 954
577 666
817 504
991 71
191 836
18 403
990 497
163 994
432 820
761 647
571 680
574 48
593 886
1 404
266 262
335 232
844 649
438 700
850 746
233 337
49 96
366 57
740 601
522 553
812 248
16 827
877 135
854 134
870 764
521 151
741 106
408 663
435 737
38 721
964 849
924 205
444 898
530 140
23 818
301 907
762 876
627 797
404 1
707 557
686 360
813 341
982 948
427 9
626 299
925 545
773 626
449 893
107 587
585 296
505 410
510 87
333 86
186 451
360 474
58 744
608 311
948 883
130 956
685 476
651 6
143 597
79 708
252 68
565 164
218 741
890 778
685 835
478 222
341 359
310 332
102 97
456 745
453 536
163 986
824 866
378 731
383 177
238 669
522 421
925 545
79 708
498 679
81 850
327 138
834 26
522 421
296 460
675 201
634 291
372 237
866 182
27 695
603 273
973 981
221 2
948 883
951 766
406 939
789 502
730 637
410 1
92 308
623 275
680 923
218 402
619 765
146 830
354 678
527 508
889 121
138 46
64 309
830 628
988 245
540 255
475 856
868 283
837 817
652 505
242 840
624 406
607 676
278 973
351 314
109 821
49 96
872 264
14 846
31 49
990 497
92 511
432 820
961 348
649 929
885 914
556 807
93 367
644 710
981 839
890 778
507 783
219 30
147 621
18 677
704 400
619 63
951 854
100 334
378 731
573 713
692 832
799 742
729 912
386 218
826 271
919 975
943 228
627 797
365 480
796 281
356 852
147 494
778 534
136 91
194 705
602 281
105 502
342 665
628 51
678 354
522 421
897 253
328 423
780 897
193 527
386 218
432 820
974 261
458 376
937 357
18 403
575 535
159 283
563 436
594 593
117 327
403 290
32 14
35 318
698 937
983 833
780 897
722 544
360 474
402 106
290 807
663 481
895 495
541 961
700 125
77 569
537 276
827 548
340 591
753 87
290 615
911 17
834 770
897 253
742 988
50 380
52 690
523 99
828 998
974 261
400 714
223 720
717 522
613 349
712 353
800 519
765 653
206 279
110 700
337 163
115 639
326 958
502 215
808 803
111 85
987 712
532 819
502 215
581 740
26 834
469 66
470 959
451 690
848 343
107 412
220 620
445 931
664 636
648 753
206 279
53 605
980 978
688 59
414 143
452 324
271 976
371 355
267 287
472 906
947 812
274 233
284 464
756 990
944 830
815 718
766 134
500 291
357 937
402 106
110 338
182 528
354 678
490 644
627 797
611 227
337 163
151 625
842 371
996 525
562 81
757 806
721 984
244 73
969 316
992 824
518 951
389 798
281 723
431 74
253 108
356 852
627 797
45 203
14 560
468 69
32 483
140 204
730 637
100 168
673 62
802 647
862 26
33 923
4 635
429 44
357 937
820 280
50 380
499 683
463 646
680 923
944 146
56 232
925 545
752 489
810 267
129 659
429 750
651 6
514 383
413 312
324 543
103 531
813 341
704 400
896 441
84 565
217 748
183 767
779 509
214 737
644 710
937 618
34 842
783 425
85 274
559 719
699 183
836 244
203 102
402 741
685 835
145 448
301 907
387 804
680 33
505 410
282 769
71 572
543 14
756 990
253 54
963 744
921 284
38 984
946 578
96 564
644 710
819 440
844 649
250 82
488 910
774 345
147 494
49 96
700 622
140 204
139 131
495 400
421 553
528 619
728 454
734 420
71 572
86 429
931 15
475 409
278 973
811 427
294 729
447 172
745 219
931 15
38 721
403 556
481 877
702 34
901 862
663 481
969 316
714 597
398 754
968 47
106 307
497 259
14 32
611 227
618 914
546 561
290 807
673 792
96 564
771 339
370 257
600 713
926 831
884 408
159 283
723 786
516 684
782 105
740 601
51 691
320 538
689 104
532 819
14 32
646 826
773 626
197 759
444 898
847 781
214 737
978 968
529 117
824 866
564 771
546 561
199 869
547 392
894 119
578 925
529 117
119 624
180 137
743 128
388 735
510 87
258 940
302 971
706 434
448 686
733 67
647 1000
559 719
678 594
889 688
544 498
586 243
119 624
302 971
427 662
664 636
784 699
219 30
465 711
702 34
647 1000
821 487
468 69
949 519
810 267
992 824
949 519
836 244
449 893
82 149
81 293
92 308
809 155
103 531
910 488
124 250
889 121
464 41
73 301
338 125
764 693
996 525
276 363
461 92
434 579
651 6
850 746
111 785
734 631
414 143
197 759
784 699
799 742
181 303
281 602
372 237
924 205
13 281
247 42
967 752
433 861
374 133
797 221
315 715
726 251
991 683
644 710
178 206
692 832
275 588
906 514
800 519
670 184
419 389
757 539
714 414
943 228
130 956
586 243
875 672
37 295
82 149
694 881
294 729
280 775
501 80
672 658
341 359
219 30
734 493
396 833
423 375
235 840
680 923
963 744
192 300
532 819
352 980
482 985
889 688
725 847
582 950
399 229
74 580
368 309
141 278
898 577
15 198
677 18
904 190
697 622
456 745
640 130
759 150
969 316
343 778
277 207
985 266
258 940
424 492
722 544
344 184
10 630
766 134
343 890
125 697
802 647
635 612
667 558
449 893
241 627
887 154
557 549
981 839
757 806
74 580
500 291
432 820
829 431
994 986
441 944
213 471
751 100
926 496
685 476
994 986
738 220
488 540
130 956
977 278
896 441
341 241
257 214
85 785
96 564
859 824
6 780
377 500
338 700
219 30
657 940
914 974
577 666
443 300
812 614
175 75
824 866
513 568
540 255
924 205
646 271
695 139
105 502
154 687
512 721
764 693
144 692
483 846
808 803
824 866
912 979
415 224
911 995
766 134
619 63
542 16
276 363
431 74
252 68
400 414
272 97
58 744
578 925
680 923
553 794
184 964
524 520
329 133
360 474
788 426
971 993
656 756
755 423
763 186
971 682
13 602
268 214
32 560
243 110
854 134
183 767
12 690
669 200
330 900
54 910
515 678
507 783
727 966
492 123
312 841
217 748
417 751
492 123
363 582
103 531
769 317
688 59
528 765
572 459
617 821
157 398
64 802
742 988
520 225
928 913
398 608
53 605
895 495
606 115
219 30
267 287
819 724
168 334
726 706
199 456
347 84
103 531
274 233
726 706
791 547
521 151
194 156
34 842
65 876
650 754
900 888
145 686
533 314
222 304
460 194
30 875
838 161
275 913
72 523
368 64
473 828
7 467
692 832
17 911
544 498
905 148
717 522
585 460
360 474
258 940
90 576
451 12
163 994
824 866
101 865
101 865
776 93
160 804
332 829
115 639
154 687
560 483
182 528
652 505
9 662
870 952
774 137
958 485
115 484
458 857
39 393
862 26
270 465
289 757
187 365
556 807
841 641
249 196
59 789
924 205
207 945
296 460
649 346
741 106
842 371
344 184
425 94
394 447
413 312
13 796
260 507
404 1
137 345
304 393
742 988
431 580
977 278
303 210
853 69
590 223
414 714
932 656
319 879
781 351
953 932
890 343
358 83
54 910
78 526
481 135
726 706
568 747
395 29
908 252
725 847
453 536
134 36
286 252
184 964
102 97
873 884
175 75
394 671
97 779
850 746
358 83
993 682
721 38
191 836
791 547
93 367
931 15
268 737
195 698
702 34
296 460
596 318
751 100
677 403
341 241
890 778
947 812
26 770
74 580
99 326
112 926
150 246
713 860
185 72
90 576
981 839
654 853
885 914
223 720
96 564
348 652
151 625
826 271
483 846
731 924
83 938
810 267
431 74
506 584
583 282
529 117
862 834
845 202
551 795
737 254
276 363
575 535
594 886
883 562
583 282
920 590
858 604
663 481
892 334
885 914
363 582
732 838
615 124
187 365
111 785
735 640
174 151
699 183
676 818
158 328
234 417
618 914
841 641
764 693
110 125
416 939
296 585
967 752
7 461
219 30
636 37
227 424
57 411
194 156
735 640
622 697
211 695
262 115
327 46
457 728
570 675
89 480
891 452
791 547
585 460
683 991
209 47
447 172
911 995
803 733
651 6
686 882
433 861
478 222
991 683
539 433
811 427
677 403
599 236
407 957
188 749
151 625
523 326
19 772
156 949
624 406
774 137
611 227
722 544
72 99
579 728
662 935
30 875
318 270
349 217
109 821
245 230
993 682
315 771
135 987
41 874
970 992
461 511
351 314
68 735
556 615
460 705
248 614
941 332
389 798
860 413
729 912
528 619
871 362
184 964
337 163
845 202
879 128
165 390
575 535
907 472
849 638
916 123
794 799
165 390
108 54
358 83
181 903
760 245
681 22
850 746
663 481
410 1
864 197
514 383
497 570
798 430
664 636
877 135
71 572
759 150
512 721
811 427
238 669
500 634
39 651
714 377
757 539
529 117
356 442
235 815
53 266
924 205
448 145
483 560
203 102
426 310
412 616
513 873
138 79
291 835
345 475
284 24
315 715
255 931
960 169
460 194
189 499
921 450
198 707
951 766
355 13
336 479
96 564
545 249
982 948
24 41
663 481
183 767
227 424
94 478
937 357
941 829
156 519
44 750
277 207
443 300
231 107
280 157
90 401
825 786
735 640
85 785
847 781
553 794
3 909
124 250
829 431
416 939
967 752
743 128
469 66
640 130
553 421
840 242
738 220
110 338
513 873
318 270
42 180
939 811
582 950
93 367
335 56
718 165
812 614
479 120
863 656
776 93
915 289
196 190
973 981
447 172
627 797
312 841
144 692
74 655
507 783
411 417
221 2
293 850
678 594
930 422
681 22
574 997
14 32
168 892
442 356
480 43
334 953
706 251
400 714
192 443
367 532
338 438
378 924
845 202
880 242
451 52
63 653
258 940
638 187
948 883
217 748
364 542
303 210
114 848
368 309
926 831
238 669
460 194
379 791
476 466
28 261
890 778
962 393
55 538
834 26
339 61
390 816
612 348
909 515
159 918
980 352
565 164
858 970
264 915
126 29
835 685
746 361
705 949
13 602
901 862
50 380
913 113
110 438
90 401
117 327
750 269
603 745
20 667
449 893
288 529
414 714
141 973
486 136
215 894
950 896
596 318
402 106
636 37
349 217
344 849
574 997
122 698
196 190
837 817
767 175
849 638
853 468
183 767
155 76
183 767
497 259
707 216
691 512
440 263
534 174
174 521
722 544
797 221
963 744
833 702
354 593
529 117
47 126
802 761
15 198
392 547
924 205
59 782
226 534
423 965
720 510
669 200
535 989
757 539
306 46
791 392
456 603
99 645
636 37
360 474
875 672
800 366
148 188
980 352
154 687
718 165
423 965
176 415
361 836
529 117
593 594
770 342
102 272
91 199
85 274
331 77
708 871
299 596
611 227
862 26
310 332
367 532
196 190
212 880
759 150
530 140
745 219
815 165
617 487
23 818
350 380
735 640
431 580
485 537
998 654
805 93
773 626
225 482
15 198
129 739
723 825
693 758
161 581
454 260
37 295
566 533
148 188
40 878
578 925
627 797
654 69
943 228
791 547
25 644
155 78
611 227
108 54
377 634
442 356
930 936
139 193
81 850
20 667
747 884
931 15
785 85
73 301
702 34
536 805
883 562
510 87
499 683
895 495
187 89
19 772
550 727
806 861
993 682
964 638
827 607
219 30
501 80
696 199
152 238
717 522
489 689
200 709
958 485
842 371
513 568
361 836
119 624
908 252
497 259
535 989
433 329
990 497
63 368
816 592
970 859
182 528
186 451
297 921
114 848
175 75
263 724
246 881
836 244
118 942
296 460
152 132
829 431
27 695
541 348
886 369
613 349
863 932
231 107
319 879
776 93
416 939
546 561
812 248
339 61
689 104
844 649
444 898
101 865
452 543
822 458
465 153
240 381
523 645
720 648
206 279
845 202
714 377
286 908
380 996
153 465
373 947
750 269
695 139
537 276
350 380
630 51
646 271
342 665
606 484
16 548
238 669
969 316
649 346
8 42
438 622
875 672
720 753
631 387
923 585
688 59
203 272
270 325
39 651
509 3
797 221
493 631
114 848
40 43
458 376
179 575
7 467
721 984
506 591
839 72
202 732
163 994
175 75
918 283
458 857
904 190
127 446
204 872
913 113
359 627
406 939
816 592
969 316
442 356
894 119
743 128
777 600
16 548
170 386
959 437
899 524
607 676
561 980
311 145
535 989
450 41
545 249
423 375
385 867
899 524
72 99
739 828
749 642
187 89
859 824
46 79
541 612
393 651
951 766
41 874
443 967
848 890
20 667
162 261
949 800
951 766
689 104
199 603
214 737
499 934
780 897
949 800
603 869
201 167
118 887
571 680
162 28
63 368
585 460
950 896
504 405
852 101
917 844
299 596
353 703
909 515
296 460
385 152
705 949
533 351
131 139
191 836
93 367
751 100
987 353
203 272
522 421
50 350
197 759
189 499
344 184
953 863
775 157
917 70
724 952
674 384
963 855
560 846
242 815
122 698
227 424
997 552
534 174
128 743
168 892
110 125
694 586
628 10
713 860
792 486
410 1
101 852
454 260
16 827
580 74
628 51
324 32
533 292
635 541
810 267
633 574
422 936
151 625
96 564
619 653
39 651
781 351
67 864
347 84
845 202
758 629
660 462
405 228
66 571
572 459
536 805
169 178
314 148
241 627
742 988
572 459
950 896
647 1000
161 581
120 45
852 101
548 607
746 191
323 975
920 590
931 15
726 706
527 508
91 199
803 733
968 47
948 883
838 161
9 397
581 740
260 507
294 729
381 809
574 997
720 285
933 899
803 733
787 734
432 280
922 977
57 411
409 331
897 253
513 873
59 782
555 36
777 600
320 538
981 185
448 145
818 546
432 820
973 981
703 336
536 805
930 422
520 95
833 702
869 745
480 43
889 121
175 75
510 87
437 118
808 803
1000 895
887 154
87 313
498 679
811 427
75 147
254 396
194 156
885 914
301 907
976 795
413 312
554 689
727 550
350 50
730 637
686 882
504 405
119 624
120 45
775 398
431 74
442 356
148 188
189 499
360 882
330 900
231 587
676 23
318 270
125 438
524 520
863 656
848 890
367 532
75 621
975 453
568 884
659 739
393 651
231 412
889 121
203 272
966 763
382 887
173 440
141 278
591 381
951 854
811 427
523 326
990 497
509 3
474 21
454 260
633 574
143 500
151 625
641 90
247 8
5 661
592 189
936 613
377 143
7 467
747 884
380 996
703 479
817 504
385 867
98 671
774 345
828 473
599 379
252 68
266 606
73 301
89 480
326 958
867 152
830 146
897 253
985 266
18 403
407 213
963 855
440 724
900 888
248 716
31 49
939 811
184 849
925 545
1 404
297 116
123 813
162 261
693 758
998 654
591 240
647 1000
436 919
164 231
176 415
370 257
769 317
380 996
767 175
40 878
768 948
995 321
14 483
64 761
928 913
816 592
894 119
887 154
984 609
157 398
268 214
848 890
987 353
494 722
349 217
98 671
474 21
859 824
373 601
455 660
785 85
11 60
319 879
134 555
35 596
360 474
404 726
658 418
836 244
461 467
411 417
19 960
936 613
686 360
826 976
77 569
731 924
281 723
249 196
507 783
356 101
148 188
17 911
249 904
684 58
848 890
153 711
735 640
463 646
519 366
732 838
197 759
148 188
804 920
601 373
825 103
607 676
795 347
435 737
14 560
18 403
688 59
216 549
680 33
75 621
523 645
712 353
136 91
58 744
845 202
866 182
804 920
670 344
645 958
401 599
994 674
203 102
57 411
577 666
358 239
294 729
237 727
99 645
511 92
892 334
778 226
141 973
47 126
710 455
83 391
316 823
710 455
666 432
84 565
297 921
569 419
601 373
931 15
258 940
715 339
246 694
787 734
200 709
272 102
882 474
203 102
161 581
68 735
36 555
585 296
677 403
399 332
903 210
267 287
276 363
100 892
45 203
217 748
258 657
695 139
793 591
122 698
337 163
155 76
906 514
222 304
511 308
1 726
62 486
249 196
819 263
460 705
129 739
180 137
430 604
511 308
597 634
690 52
687 372
903 303
784 699
460 194
618 914
477 228
48 574
276 363
861 329
184 964
12 52
207 945
693 629
569 419
255 445
303 210
955 142
280 157
530 140
940 657
514 383
342 665
610 423
56 116
599 236
879 743
916 123
91 696
1 404
697 622
677 403
217 748
886 369
280 775
404 726
765 619
324 543
791 547
522 553
444 898
772 178
67 864
358 83
524 520
162 261
552 997
335 999
484 639
515 354
744 319
885 914
128 127
874 20
951 766
738 220
631 420
826 976
967 752
28 717
670 344
895 495
372 237
32 14
113 350
446 322
279 239
732 838
937 885
374 851
658 822
923 33
976 795
706 434
547 392
196 904
802 761
123 813
552 997
740 601
244 73
23 676
504 405
754 650
394 447
477 192
894 119
530 140
252 388
837 817
317 114
883 562
985 605
585 296
187 89
307 378
693 629
283 918
689 104
131 193
932 863
548 607
907 906
806 433
255 445
487 567
342 665
372 237
217 256
327 138
751 168
218 402
642 867
837 817
736 82
103 531
667 558
250 82
332 941
253 108
597 377
904 196
337 163
568 747
567 470
564 315
835 476
759 150
890 343
129 739
565 164
199 273
945 635
188 749
924 205
440 173
172 513
344 964
838 161
958 485
483 179
899 524
53 266
515 354
416 939
878 469
181 303
787 734
93 367
560 179
383 177
338 125
544 498
468 69
276 363
317 114
728 260
274 233
391 938
580 655
940 889
281 723
909 515
587 616
119 624
844 649
792 62
317 114
322 302
27 695
193 508
749 642
147 621
721 38
569 419
45 203
134 555
108 488
435 737
527 508
314 905
255 931
182 528
544 498
514 383
219 30
624 406
809 155
578 925
975 453
192 443
571 680
981 185
676 23
129 739
855 319
973 981
155 78
65 17
526 320
321 109
880 235
644 710
398 608
436 919
122 698
772 178
758 629
118 382
889 121
77 569
39 651
59 789
580 74
562 81
26 834
593 886
919 975
410 1
456 869
647 1000
723 786
813 341
901 862
472 514
120 45
797 221
615 807
874 20
928 913
232 116
14 560
478 222
290 615
478 222
122 195
243 338
28 717
871 595
483 846
944 146
537 276
132 238
713 573
984 211
646 826
555 335
405 228
266 605
745 219
984 211
663 481
112 926
323 919
602 723
461 467
328 610
602 723
921 284
955 142
705 156
989 195
930 422
341 241
215 894
524 520
688 782
146 628
365 480
761 802
985 266
22 598
647 1000
422 613
866 182
303 210
973 981
550 727
714 597
739 828
878 469
244 73
209 47
921 284
410 404
374 133
877 987
894 119
753 87
276 363
370 257
330 900
103 531
452 543
733 67
371 355
371 355
319 855
932 656
844 649
718 815
174 151
670 344
395 247
169 178
322 302
674 384
876 65
665 258
722 544
69 294
596 318
329 133
543 14
91 696
501 176
420 493
515 678
300 967
225 985
588 928
384 611
47 126
515 354
481 135
858 970
142 559
357 618
96 315
124 250
641 90
384 611
191 836
18 677
431 580
455 660
299 596
148 188
922 977
912 979
575 535
14 846
936 613
463 646
408 663
776 93
487 470
269 212
809 381
278 973
264 915
405 477
767 175
622 407
235 718
508 777
445 931
69 294
866 182
862 26
442 852
51 691
151 625
756 990
447 172
350 380
2 98
782 789
742 988
811 427
369 788
778 226
458 376
88 810
673 792
198 216
836 244
884 408
915 289
255 445
471 843
891 452
150 246
345 475
382 887
355 13
210 170
228 192
670 344
572 459
963 319
258 657
716 946
708 871
916 492
392 547
312 841
315 771
13 281
817 504
503 542
403 290
441 944
165 390
190 275
211 27
729 912
879 743
954 977
184 849
530 140
504 405
895 495
496 960
3 909
153 711
426 399
75 621
322 302
965 375
206 279
566 533
892 334
493 387
114 848
311 145
811 427
615 124
724 952
211 609
656 756
383 177
335 999
290 556
370 257
127 446
258 940
998 853
798 430
899 524
135 877
870 764
572 459
703 479
120 45
473 998
692 832
359 627
897 253
26 770
66 571
786 825
65 17
895 495
842 371
151 625
810 267
793 381
104 449
509 3
606 484
728 260
321 109
468 853
924 205
25 644
514 383
205 969
650 311
170 386
795 347
452 543
6 780
576 599
137 345
460 705
309 761
34 842
797 221
281 723
716 946
278 141
345 475
978 980
342 665
887 154
253 54
310 941
163 986
170 386
498 679
312 841
300 967
133 801
912 979
113 50
243 110
944 830
954 977
15 707
156 519
405 228
264 915
144 692
501 80
816 189
383 177
565 164
709 111
994 674
624 406
493 387
726 706
854 766
259 675
778 534
638 187
474 491
156 519
703 479
791 392
514 383
335 232
120 45
104 449
776 93
37 295
572 459
582 950
14 32
599 379
872 11
985 266
401 599
887 154
755 610
781 351
368 309
525 677
664 636
38 721
912 979
324 14
703 336
892 334
842 371
999 56
859 992
295 265
842 371
586 243
810 267
362 112
880 840
419 927
491 370
15 707
275 588
940 889
166 749
821 487
648 87
466 730
926 496
775 398
580 74
215 894
259 305
864 197
874 20
90 401
650 754
786 103
848 343
541 961
302 993
363 582
20 667
672 822
298 810
444 898
366 57
216 549
819 724
113 50
411 417
160 387
819 263
875 672
518 951
71 572
441 944
478 222
780 897
26 770
142 955
451 12
879 743
771 715
388 735
7 467
77 569
570 201
150 881
201 167
525 677
180 137
268 737
868 159
817 504
443 300
669 200
563 439
779 509
699 183
739 828
693 758
667 558
101 865
84 565
51 691
486 136
748 954
396 833
710 455
316 823
336 479
531 563
30 875
1 726
3 909
740 373
452 324
446 322
883 562
288 529
363 582
65 911
304 39
424 492
855 879
606 115
431 580
971 682
600 713
710 455
747 408
480 43
405 228
219 30
408 663
508 600
415 224
987 353
41 874
64 761
581 740
300 967
778 226
134 36
961 652
126 395
922 954
188 814
117 327
83 938
178 206
649 346
217 748
681 22
434 457
791 392
156 800
681 22
675 201
399 310
160 387
921 450
363 582
803 733
61 583
832 506
114 848
489 554
430 858
160 387
202 732
263 440
167 982
491 21
961 652
388 68
9 397
103 531
567 470
995 321
431 74
715 771
322 302
244 73
805 93
38 721
733 67
280 157
507 783
406 939
612 961
532 819
726 706
577 666
585 460
149 428
256 954
220 620
22 88
811 427
425 94
755 328
710 455
99 523
881 586
558 181
809 381
604 858
98 394
717 522
96 564
26 770
934 991
697 213
770 342
574 552
264 915
775 157
884 747
384 611
215 894
592 189
184 849
873 568
152 238
660 462
946 578
439 919
87 313
3 909
92 511
158 328
949 800
631 493
545 249
13 796
136 91
278 973
147 621
177 792
448 145
144 692
499 683
904 196
281 723
862 26
318 208
907 472
389 798
571 680
15 198
244 73
304 39
186 451
258 657
341 241
186 451
812 614
313 808
132 238
7 461
948 883
645 326
574 48
522 553
224 787
345 475
767 175
154 687
346 681
134 555
115 484
467 461
113 350
678 593
816 189
419 389
176 415
688 782
900 888
334 953
299 596
427 9
879 743
880 840
584 793
384 611
535 989
154 687
826 976
663 481
436 323
118 942
945 635
681 22
274 233
859 992
174 151
183 767
287 837
625 356
496 19
1000 895
320 538
481 877
585 296
852 865
50
9 64 95 122 123 194 204 206 219 222 226 256 260 316 332 349 355 372 404 410 419 491 526 530 542 546 558 560 574 614 615 648 650 688 733 734 737 758 789 799 806 826 841 855 870 878 905 956 960 978
