1000 10000
192 345
345 804
804 206
206 160
160 294
294 834
834 11
11 967
967 547
547 617
617 560
560 567
567 725
725 642
642 498
498 111
111 15
15 596
596 675
675 179
179 123
123 925
925 487
487 824
824 837
837 823
823 782
782 916
916 688
688 661
661 761
761 994
994 118
118 866
866 454
454 284
284 352
352 177
177 290
290 95
95 894
894 407
407 798
798 638
638 530
530 253
253 538
538 742
742 910
910 905
905 315
315 519
519 771
771 152
152 986
986 855
855 432
432 129
129 49
49 580
580 124
124 864
864 653
653 427
427 17
17 42
42 9
9 942
942 171
171 941
941 875
875 114
114 978
978 817
817 755
755 292
292 895
895 943
943 85
85 832
832 149
149 594
594 751
751 32
32 784
784 4
4 234
234 245
245 45
45 732
732 122
122 298
298 138
138 107
107 375
375 104
104 543
543 845
845 57
57 237
237 390
390 920
920 545
545 536
536 786
786 21
21 555
555 540
540 828
828 424
424 423
423 396
396 856
856 572
572 183
183 504
504 730
730 478
478 257
257 887
887 815
815 972
972 945
945 489
489 849
849 714
714 693
693 820
820 625
625 357
357 25
25 613
613 964
964 704
704 934
934 793
793 469
469 630
630 616
616 302
302 671
671 215
215 582
582 982
982 898
898 252
252 858
858 23
23 475
475 106
106 66
66 534
534 780
780 279
279 926
926 868
868 814
814 637
637 7
7 193
193 648
648 510
510 985
985 493
493 420
420 646
646 347
347 528
528 759
759 403
403 82
82 370
370 809
809 409
409 509
509 663
663 750
750 117
117 944
944 441
441 150
150 973
973 273
273 495
495 636
636 937
937 354
354 885
885 600
600 936
936 170
170 439
439 86
86 254
254 975
975 859
859 575
575 142
142 219
219 175
175 749
749 477
477 706
706 571
571 116
116 333
333 889
889 821
821 552
552 324
324 100
100 466
466 680
680 76
76 280
280 645
645 542
542 443
443 737
737 359
359 300
300 241
241 753
753 841
841 288
288 515
515 369
369 764
764 906
906 255
255 602
602 692
692 918
918 120
120 74
74 960
960 520
520 363
363 451
451 283
283 447
447 620
620 268
268 394
394 593
593 958
958 6
6 381
381 553
553 50
50 621
621 908
908 199
199 658
658 319
319 13
13 965
965 37
37 562
562 655
655 317
317 47
47 446
446 794
794 65
65 518
518 137
137 472
472 399
399 416
416 989
989 514
514 857
857 494
494 56
56 956
956 574
574 109
109 717
717 609
609 808
808 389
389 719
719 456
456 356
356 125
125 189
189 931
931 897
897 963
963 376
376 984
984 46
46 914
914 747
747 731
731 242
242 340
340 652
652 981
981 957
957 848
848 606
606 583
583 909
909 224
224 578
578 879
879 651
651 266
266 844
844 513
513 385
385 296
296 591
591 307
307 851
851 813
813 180
180 83
83 115
115 603
603 240
240 734
734 378
378 980
980 278
278 662
662 716
716 128
128 134
134 690
690 811
811 197
197 605
605 10
10 108
108 81
81 588
588 161
161 429
429 819
819 502
502 800
800 913
913 211
211 139
139 682
682 590
590 133
133 383
383 611
611 697
697 448
448 461
461 434
434 773
773 656
656 966
966 614
614 410
410 33
33 927
927 998
998 884
884 322
322 722
722 364
364 806
806 135
135 459
459 954
954 468
468 181
181 607
607 940
940 361
361 501
501 673
673 770
770 198
198 471
471 377
377 947
947 291
291 838
838 301
301 366
366 405
405 330
330 141
141 386
386 53
53 164
164 127
127 304
304 568
568 335
335 539
539 367
367 18
18 888
888 276
276 990
990 349
349 316
316 736
736 687
687 413
413 350
350 105
105 589
589 401
401 822
822 158
158 612
612 846
846 769
769 659
659 481
481 277
277 339
339 928
928 55
55 516
516 635
635 187
187 623
623 203
203 627
627 666
666 1000
1000 529
529 527
527 121
121 681
681 38
38 293
293 178
178 190
190 524
524 647
647 30
30 132
132 694
694 44
44 14
14 282
282 775
775 212
212 165
165 523
523 772
772 465
465 577
577 924
924 476
476 715
715 597
597 246
246 421
421 921
921 861
861 677
677 371
371 810
810 96
96 418
418 847
847 414
414 720
720 40
40 932
932 721
721 27
27 387
387 417
417 51
51 72
72 608
608 854
854 342
342 679
679 729
729 709
709 305
305 408
408 549
549 205
205 474
474 991
991 92
92 955
955 886
886 143
143 669
669 668
668 876
876 449
449 912
912 585
585 437
437 12
12 950
950 289
289 230
230 336
336 827
827 63
63 564
564 744
744 94
94 970
970 59
59 233
233 186
186 951
951 696
696 573
573 355
355 247
247 343
343 251
251 131
131 110
110 735
735 260
260 689
689 768
768 525
525 313
313 601
601 923
923 622
622 517
517 503
503 500
500 365
365 373
373 791
791 739
739 358
358 202
202 436
436 379
379 664
664 831
831 444
444 173
173 581
581 156
156 670
670 235
235 331
331 79
79 485
485 269
269 244
244 464
464 802
802 713
713 78
78 225
225 231
231 701
701 435
435 521
521 929
929 130
130 619
619 318
318 452
452 632
632 624
624 93
93 248
248 862
862 221
221 546
546 626
626 174
174 140
140 299
299 708
708 873
873 126
126 639
639 554
554 216
216 903
903 996
996 1
1 16
16 570
570 569
569 576
576 992
992 384
384 382
382 698
698 457
457 672
672 797
797 34
34 977
977 983
983 915
915 415
415 700
700 404
404 19
19 346
346 506
506 232
232 760
760 615
615 643
643 746
746 566
566 151
151 738
738 531
531 101
101 458
458 226
226 422
422 783
783 766
766 5
5 223
223 360
360 757
757 228
228 71
71 825
825 917
917 43
43 445
445 892
892 61
61 227
227 388
388 272
272 287
287 41
41 321
321 136
136 789
789 166
166 491
491 544
544 249
249 997
997 557
557 338
338 84
84 67
67 98
98 159
159 852
852 259
259 438
438 168
168 412
412 904
904 532
532 163
163 167
167 58
58 182
182 962
962 599
599 194
194 900
900 144
144 633
633 24
24 77
77 204
204 188
188 328
328 320
320 712
712 733
733 309
309 425
425 702
702 380
380 558
558 988
988 397
397 922
922 201
201 745
745 833
833 196
196 332
332 522
522 157
12 392
449 243
439 261
282 948
594 431
116 556
729 893
438 374
808 657
879 563
825 214
272 470
862 559
624 256
237 70
134 724
431 3
34 867
454 935
614 26
717 850
397 90
613 938
680 270
673 89
536 148
438 890
823 762
934 450
415 511
409 999
543 807
63 792
396 870
14 640
997 275
414 631
924 419
545 710
464 395
122 896
999 756
638 727
642 961
984 52
381 969
76 488
862 795
78 334
932 853
636 684
475 327
370 507
25 217
111 707
316 788
868 865
376 949
190 155
516 765
531 391
765 869
879 263
394 112
476 860
904 541
622 462
121 426
376 816
964 195
698 499
868 959
543 213
572 976
407 102
233 297
927 740
134 829
832 595
857 153
56 236
397 147
294 939
137 210
432 2
614 774
279 258
92 830
204 220
122 843
477 930
135 440
142 665
590 341
74 726
576 323
941 329
251 685
597 442
696 208
205 31
422 790
124 218
81 748
495 460
673 953
726 787
942 993
143 87
983 99
40 907
332 872
638 968
197 20
253 919
788 628
387 402
241 239
708 979
252 119
991 785
171 561
361 565
412 39
892 209
335 826
231 526
768 974
394 428
566 641
90 812
661 650
623 899
58 484
395 492
893 880
367 902
511 805
3 69
445 550
188 703
79 29
768 91
819 337
152 883
322 314
1 667
276 634
139 878
421 699
338 660
510 75
180 486
251 433
323 686
414 891
493 184
163 598
171 146
12 678
337 306
748 911
934 835
712 479
458 362
29 779
23 467
356 799
198 48
605 103
897 311
529 505
19 308
870 644
606 351
558 781
714 73
719 348
9 264
965 754
954 64
697 97
301 274
343 952
405 676
340 271
321 801
311 818
273 551
552 113
376 295
873 778
30 695
235 229
365 874
361 185
469 592
688 604
481 60
714 154
975 877
719 490
627 842
862 68
98 281
554 372
342 80
308 54
943 393
70 629
930 758
318 882
671 191
822 453
439 36
981 674
355 267
126 406
643 586
202 162
377 8
317 705
686 286
870 398
412 62
219 368
797 537
245 35
996 863
491 533
152 28
614 871
596 207
286 176
227 169
383 326
339 803
660 238
181 796
568 285
19 587
935 496
209 325
234 610
695 480
733 654
880 691
717 840
122 718
101 752
599 776
600 88
687 711
970 767
737 145
253 172
980 222
817 265
940 763
598 310
561 344
787 579
519 455
679 473
627 482
932 353
575 683
480 836
96 430
246 946
232 312
142 400
212 508
14 723
518 743
82 933
652 584
833 463
701 548
113 618
392 483
199 535
638 777
423 262
779 512
177 497
359 901
549 649
885 303
178 741
704 411
553 971
126 839
214 995
481 250
482 728
466 200
821 987
352 22
40 881
293 178
911 429
630 616
590 133
450 793
873 126
195 411
827 63
724 829
284 352
49 580
627 482
222 662
269 779
853 27
74 726
173 581
566 641
867 977
691 549
222 278
280 645
93 248
770 198
262 870
554 372
729 709
428 958
550 61
763 361
776 194
608 854
416 989
982 898
326 697
167 598
503 500
822 158
307 851
56 236
767 59
775 212
988 397
311 818
403 82
35 45
336 827
158 453
899 627
252 119
230 336
564 744
56 236
927 740
262 396
989 514
977 983
24 77
873 126
911 429
819 502
183 504
430 847
261 254
965 37
107 375
764 906
79 29
506 232
680 270
996 863
676 330
13 965
241 239
648 510
64 468
535 658
804 206
156 670
461 434
127 304
655 317
449 243
784 69
139 878
978 817
79 485
989 514
296 591
409 509
963 311
444 173
776 900
330 141
271 584
205 474
578 879
793 469
127 304
268 394
213 57
546 626
570 569
373 791
253 919
554 216
151 738
866 454
966 614
232 760
819 502
300 241
43 445
23 467
96 418
796 940
160 294
316 788
805 404
995 43
138 107
885 303
177 290
18 888
601 923
667 570
309 654
76 280
956 574
491 533
62 541
687 711
490 356
402 51
662 716
649 205
24 77
145 901
174 140
353 27
181 607
906 255
670 235
642 498
485 779
212 165
350 105
822 158
104 543
707 596
874 373
253 172
960 726
944 441
492 713
688 604
776 900
53 164
476 419
796 607
628 687
739 358
135 440
789 166
197 605
685 433
435 521
995 445
469 630
166 491
147 812
305 408
796 940
991 785
974 313
801 789
811 197
740 998
146 561
956 574
106 66
632 624
100 466
480 694
828 424
254 975
789 166
704 195
876 449
375 104
902 888
488 645
856 644
547 617
554 216
884 322
606 583
281 852
204 188
303 600
176 499
224 578
657 719
222 662
963 818
34 977
893 305
812 745
733 479
775 948
571 116
526 701
837 823
245 610
616 302
985 493
700 511
757 228
476 860
837 823
359 300
445 892
138 107
114 978
228 71
142 683
112 593
636 937
719 348
272 287
53 164
485 779
145 359
439 36
96 418
139 878
536 148
266 844
8 947
286 382
61 227
163 598
446 794
631 40
712 479
400 368
589 401
556 889
571 116
260 689
627 482
766 5
948 775
861 677
145 359
407 798
610 45
988 397
510 75
868 865
58 310
567 725
551 460
284 352
866 454
813 180
422 790
144 633
793 469
185 673
815 972
313 601
70 629
571 758
518 137
569 576
585 437
424 423
374 412
160 294
519 455
69 4
411 835
996 1
649 31
138 107
998 884
194 776
227 325
554 216
758 571
784 4
632 624
477 706
792 744
779 244
335 826
391 458
821 987
10 108
897 311
243 585
71 825
160 294
65 518
335 539
585 437
154 820
914 747
954 64
605 10
515 369
513 385
323 384
719 456
337 502
937 354
350 105
265 292
796 940
866 454
371 810
272 287
939 834
90 812
809 409
741 190
265 292
142 219
223 360
393 85
110 735
865 814
858 119
55 516
144 633
406 554
133 383
403 82
752 458
482 842
432 2
766 5
920 545
103 108
195 411
863 1
497 95
308 346
291 838
149 594
53 164
627 666
429 819
78 334
225 231
621 908
927 740
809 409
381 969
3 784
362 422
510 75
21 555
395 713
355 247
534 780
540 828
118 866
445 892
197 20
678 289
82 370
80 729
799 125
293 178
614 774
155 647
614 871
324 113
155 524
920 629
381 553
21 555
309 654
695 480
852 259
42 9
141 386
940 763
872 522
474 31
528 759
940 763
657 719
913 211
43 995
752 458
996 1
381 553
374 168
508 165
273 495
112 958
24 77
427 17
712 479
647 30
589 401
385 296
777 727
847 414
272 470
201 745
848 606
164 127
832 595
819 337
124 218
768 974
713 78
848 606
984 52
998 884
839 554
474 31
27 387
588 911
412 904
277 339
44 836
79 485
888 276
763 501
199 658
1 863
977 983
574 109
765 187
182 962
642 961
33 927
354 885
123 925
426 38
293 178
647 30
554 372
489 849
382 176
644 976
676 141
887 815
141 386
478 257
317 47
828 424
608 854
392 289
106 66
732 122
177 497
703 328
973 273
70 629
536 148
833 196
241 239
655 317
544 533
199 658
791 739
54 506
597 246
481 277
303 88
92 955
509 999
52 46
623 203
444 173
966 614
457 672
404 19
633 24
738 531
902 888
781 988
822 158
597 246
309 425
612 846
657 389
331 79
442 946
629 545
619 318
313 601
529 505
737 359
515 369
372 903
772 465
884 322
804 206
689 768
733 654
367 18
965 754
223 360
150 973
7 193
899 627
618 466
17 42
905 315
319 13
39 541
468 64
542 443
668 876
645 542
471 377
397 147
383 611
906 255
301 366
978 817
199 658
478 257
234 610
840 609
686 382
571 116
645 542
351 909
224 578
571 116
306 913
52 46
350 105
156 670
591 307
737 359
110 735
888 276
970 767
281 852
708 979
913 211
40 932
534 780
228 71
464 395
651 263
291 838
693 73
263 563
168 412
939 834
730 478
760 615
500 365
869 623
291 838
459 954
354 885
59 233
70 629
691 549
206 160
286 382
717 840
247 343
824 837
800 306
221 546
876 449
433 685
160 294
965 37
346 308
734 378
518 743
42 9
636 937
472 399
740 998
490 356
422 783
701 526
377 947
594 431
39 904
229 79
315 519
504 730
503 500
795 546
931 897
92 955
114 978
90 812
605 20
841 288
739 358
212 508
447 620
851 813
323 686
499 672
317 47
661 604
908 199
688 604
309 425
638 777
620 268
115 603
211 139
575 683
11 967
485 269
316 788
910 905
931 897
792 744
700 805
602 692
89 198
866 454
211 139
821 552
319 13
34 867
30 132
815 972
712 733
494 56
493 420
602 692
952 433
191 582
801 136
555 540
962 599
910 905
891 40
279 258
784 4
486 83
270 488
200 680
413 350
315 519
625 357
769 659
437 12
72 608
190 524
223 360
826 367
973 273
192 345
268 394
812 745
514 857
852 259
934 835
680 270
16 667
515 369
242 340
138 107
609 850
512 244
574 109
620 268
485 269
389 657
229 79
226 422
300 241
150 973
10 108
787 520
759 403
272 470
859 575
355 267
141 386
241 753
829 811
700 511
43 445
683 400
965 754
312 615
26 410
126 406
887 815
55 516
551 636
174 140
679 729
188 220
438 168
377 8
500 365
27 387
398 644
996 1
8 947
512 244
754 562
694 836
231 526
10 108
9 942
228 71
454 284
539 367
488 280
50 621
139 878
732 122
438 168
788 687
900 144
303 936
295 52
223 360
134 724
27 387
217 613
409 509
96 430
690 724
967 547
315 519
989 514
391 752
755 292
509 756
633 24
541 532
771 152
590 341
305 880
669 87
100 618
387 402
935 352
119 23
647 30
735 260
938 964
833 196
4 234
823 762
751 431
787 520
886 143
497 95
184 646
937 354
552 324
876 449
732 122
118 866
273 551
180 83
850 840
529 527
39 532
285 826
1000 529
555 540
722 364
461 434
148 21
757 228
422 783
169 388
719 348
504 730
190 741
147 812
608 854
809 507
354 885
667 16
709 880
199 535
833 196
127 304
246 946
756 750
51 72
716 128
21 555
122 896
634 990
266 844
647 30
179 123
930 706
932 881
849 714
744 94
452 882
683 219
330 676
384 286
78 334
993 146
496 177
845 213
711 350
503 500
920 629
151 641
965 37
210 399
326 697
542 443
897 963
174 140
552 113
885 303
427 17
420 184
562 655
447 620
224 578
582 982
623 899
340 271
927 740
333 889
656 966
374 168
966 614
715 860
652 271
368 175
780 279
416 989
68 795
217 938
148 21
581 156
73 820
868 865
313 601
528 759
809 409
574 109
56 236
701 548
663 756
886 143
389 657
380 558
543 845
125 189
806 135
629 545
686 384
985 75
158 453
933 370
485 269
918 120
121 681
490 456
164 127
741 524
194 900
628 687
223 360
989 514
781 397
219 175
455 771
987 552
505 121
975 859
871 33
7 193
519 455
187 623
476 419
385 296
268 394
602 692
394 428
744 94
156 670
403 82
220 328
338 660
438 374
681 426
510 985
74 960
127 304
353 27
450 469
407 798
686 382
599 194
411 835
200 680
186 297
182 962
714 154
693 820
884 322
196 463
701 548
784 69
133 341
358 202
740 884
83 486
972 945
979 873
901 241
449 912
301 274
961 111
362 226
415 700
294 939
350 105
174 140
431 3
414 631
12 392
299 708
626 174
547 617
825 214
224 578
886 143
320 712
543 845
708 873
661 650
955 886
23 467
760 615
430 418
508 523
596 675
413 711
113 324
796 607
847 414
695 694
799 189
531 101
689 768
290 95
31 991
154 73
511 404
640 723
573 355
169 272
111 15
835 793
263 563
888 276
929 130
801 789
272 287
364 806
57 237
658 319
10 108
818 984
454 935
837 823
619 318
117 944
501 673
863 16
243 585
757 228
226 362
558 988
736 788
575 683
273 551
908 199
384 382
727 530
89 198
532 163
756 750
425 702
449 912
895 943
806 135
601 923
360 757
420 646
841 288
847 414
277 339
866 454
773 656
364 806
752 226
128 134
775 212
680 270
599 194
651 266
822 453
611 326
239 841
229 331
595 594
938 964
919 742
632 624
772 465
18 888
451 283
506 54
735 260
466 200
608 854
517 503
447 620
537 977
547 617
965 754
40 932
454 284
979 873
261 254
87 668
526 701
426 681
757 228
282 640
638 968
232 312
16 570
188 220
155 647
155 647
442 421
582 982
337 800
463 332
586 566
406 554
515 369
203 899
587 308
56 956
507 809
524 647
532 163
76 270
255 602
100 466
220 703
739 358
643 586
75 493
664 831
988 781
91 313
179 123
194 776
660 67
952 685
621 908
588 748
618 100
646 347
634 349
95 894
274 405
335 285
438 168
559 68
569 576
292 895
280 488
908 199
634 349
713 78
51 72
675 179
90 201
770 89
972 945
693 820
948 775
145 300
124 218
471 377
970 59
738 531
976 504
943 85
638 727
692 918
319 13
625 357
583 909
883 28
481 250
397 90
489 849
499 457
624 256
132 694
54 232
438 890
49 580
942 993
361 763
471 377
358 202
79 29
688 604
391 458
180 486
321 801
685 110
782 916
128 134
460 636
190 524
28 986
165 508
861 677
838 301
38 293
916 688
744 94
796 940
617 560
138 107
749 477
495 551
572 644
518 137
483 289
414 631
4 234
530 777
227 325
223 360
351 583
922 812
379 664
844 513
602 692
413 350
17 42
936 170
270 488
186 951
939 11
354 885
523 772
587 506
204 188
14 282
922 201
634 349
920 545
864 653
975 859
337 306
428 112
408 549
486 115
178 741
224 578
271 584
420 646
690 829
892 209
540 828
59 233
522 157
633 24
163 167
115 603
516 635
400 368
832 149
265 755
595 594
577 924
209 325
204 188
152 883
680 270
826 367
621 908
321 136
335 539
62 532
590 133
529 505
42 9
708 979
193 648
570 569
955 830
656 966
999 663
832 595
539 367
626 174
385 296
726 787
463 332
667 570
801 789
893 880
503 500
817 265
55 516
109 717
551 495
649 205
766 5
181 607
2 129
698 499
597 246
594 431
747 731
947 291
768 525
365 874
526 435
381 969
299 708
519 455
622 462
187 623
723 282
934 835
886 143
609 840
929 130
849 714
289 483
662 716
402 417
466 680
783 790
330 676
465 577
849 714
516 765
11 967
10 108
206 160
60 339
4 234
409 999
17 42
32 69
747 731
978 817
577 924
843 298
183 504
807 845
606 351
778 126
704 411
87 668
446 794
56 236
57 237
449 912
13 965
823 782
243 585
366 405
704 411
223 360
863 16
510 75
872 157
187 869
294 939
894 407
927 740
305 691
970 59
40 881
619 318
773 656
102 798
961 111
446 794
716 128
924 476
55 516
69 784
476 860
32 784
883 855
738 531
381 969
426 38
488 645
737 359
397 922
869 623
133 383
152 986
570 569
166 491
301 366
465 577
502 337
123 925
617 560
904 39
965 37
272 287
252 858
41 321
638 530
797 537
247 343
473 709
738 531
369 764
443 737
110 735
386 53
349 316
551 636
356 125
256 248
597 442
246 442
938 704
46 914
93 248
750 117
331 79
954 64
616 302
69 4
719 348
481 60
584 674
423 396
49 580
813 180
742 910
162 436
407 798
479 654
212 165
8 947
506 232
699 861
515 369
379 664
859 575
804 206
727 253
110 735
248 862
150 973
915 415
265 292
528 759
752 226
868 814
19 346
173 581
160 294
749 477
529 505
834 11
931 897
252 858
632 624
685 433
640 775
407 102
441 150
805 19
608 854
963 376
65 518
680 270
8 947
151 641
931 897
633 24
555 540
86 254
909 224
152 986
874 791
688 661
549 205
404 19
603 240
709 305
206 160
481 277
197 605
417 51
750 117
487 824
27 387
198 471
562 655
435 521
644 183
545 536
342 679
980 222
30 132
397 90
96 430
601 923
247 343
911 429
624 256
1000 529
292 895
995 43
95 894
904 62
460 684
701 548
47 446
438 374
535 319
619 318
636 684
331 79
248 862
321 801
536 786
746 586
95 894
189 931
115 603
608 854
92 830
865 814
211 139
733 654
346 587
123 925
281 852
2 49
854 342
271 584
98 281
391 752
623 899
955 886
137 743
821 552
456 348
291 838
513 385
720 891
300 241
349 316
606 583
528 759
380 558
858 23
885 600
854 342
607 940
269 512
9 264
49 580
469 592
186 297
234 610
932 881
325 227
721 27
883 855
327 106
608 854
296 591
869 623
440 954
608 854
757 228
846 769
859 877
861 677
508 523
254 975
306 800
32 3
571 116
760 615
50 971
365 874
233 186
301 366
151 738
420 646
833 463
307 851
514 857
814 637
477 706
705 47
114 978
486 115
571 758
689 768
463 196
763 565
327 66
669 668
53 164
422 790
183 504
597 246
112 958
765 187
80 473
973 273
255 602
231 526
890 374
46 52
286 382
756 750
919 538
662 716
629 545
615 643
898 252
868 959
534 780
614 410
56 236
851 813
728 529
24 77
160 294
691 408
402 51
502 337
510 985
391 101
86 254
741 190
47 446
311 818
629 545
838 301
177 22
100 466
867 983
321 136
211 139
429 819
517 503
833 196
920 545
423 396
23 467
44 14
852 259
307 851
305 691
349 316
462 517
296 591
569 576
845 213
653 427
293 178
606 351
310 182
614 26
134 724
112 958
99 415
609 808
153 56
589 401
481 277
608 854
986 883
167 58
13 965
930 758
473 893
676 330
451 283
144 633
404 19
641 151
685 110
523 772
512 464
268 394
368 749
615 643
982 898
89 770
332 872
969 50
345 804
300 901
701 526
140 299
945 489
469 630
108 81
763 565
610 45
607 940
969 50
710 148
162 379
418 847
815 972
165 523
345 804
584 981
797 537
379 664
348 356
389 657
931 897
24 77
893 709
581 156
184 420
906 255
520 579
421 921
202 162
997 275
76 488
347 528
108 81
685 131
209 325
205 31
293 178
724 811
417 402
643 746
771 152
440 954
272 287
598 310
73 693
246 442
671 215
772 465
803 55
334 231
277 339
138 107
725 642
416 989
677 371
27 387
512 464
422 783
725 642
847 414
268 394
954 468
956 574
179 123
55 516
133 383
49 580
450 469
456 356
824 837
356 799
797 34
980 222
725 642
976 504
743 472
325 169
644 976
570 569
647 30
346 54
627 842
315 519
830 886
589 401
514 857
977 983
819 502
810 96
635 187
251 685
569 576
759 403
804 206
657 389
214 917
572 183
800 306
342 80
633 24
767 59
877 575
223 360
818 295
423 262
557 338
212 508
447 620
661 761
370 933
611 697
466 200
87 668
230 336
964 195
352 177
249 997
565 673
25 217
582 982
645 542
731 242
9 942
12 950
564 744
150 973
576 323
56 956
883 855
349 316
115 603
390 629
958 6
843 718
709 893
118 866
841 288
258 868
546 626
96 418
440 459
750 117
88 936
962 599
990 349
199 658
815 972
761 994
392 483
933 809
253 919
179 123
179 123
935 352
108 81
16 570
333 556
850 840
166 491
549 205
647 30
396 856
77 204
574 109
608 854
206 160
963 311
53 164
784 4
412 904
12 392
200 680
796 607
53 164
63 792
557 275
74 960
622 517
617 560
859 575
729 709
129 2
731 242
281 852
130 619
954 468
739 358
863 16
241 753
240 734
340 271
459 954
909 224
812 745
109 717
844 513
122 718
140 299
977 983
627 666
485 779
520 579
541 163
148 21
743 472
586 566
388 169
162 379
144 633
782 762
888 276
299 708
405 330
688 604
378 980
518 137
246 421
534 780
335 826
59 233
737 359
65 518
411 835
672 797
170 439
972 945
908 199
182 962
658 535
722 364
549 649
223 360
823 762
7 193
429 819
661 761
209 227
405 676
79 485
918 120
994 118
597 442
393 832
378 980
273 495
121 681
443 737
251 952
537 977
431 751
687 413
931 897
995 43
163 167
124 864
581 156
610 45
106 66
75 493
862 559
46 52
18 888
236 574
478 257
293 178
282 723
2 49
868 814
848 606
309 425
268 394
696 208
13 965
254 975
197 605
301 366
738 531
83 115
179 123
226 362
469 630
384 286
570 569
564 744
121 681
760 615
336 827
349 316
573 355
339 928
364 806
782 916
418 430
137 743
887 815
309 654
658 319
301 366
921 699
254 975
689 768
429 819
206 160
929 130
612 846
725 642
424 423
271 584
356 799
608 854
783 790
821 552
273 495
633 24
79 29
230 336
210 472
92 785
328 703
593 958
921 861
302 671
527 505
829 811
999 663
408 549
889 821
797 34
830 955
303 936
176 457
291 838
975 877
376 818
254 975
299 708
719 348
325 169
924 419
848 606
748 588
290 95
23 467
790 766
461 434
942 993
871 410
775 948
765 187
418 430
556 333
21 555
818 295
218 653
239 753
672 797
789 166
997 275
490 356
347 528
637 7
4 234
63 792
357 25
29 485
447 620
309 425
524 647
454 284
697 448
171 146
473 893
615 643
772 465
637 7
643 586
918 120
84 238
743 210
582 982
65 518
767 233
661 761
663 750
949 295
767 59
645 542
289 483
234 610
608 854
365 373
616 302
407 798
321 136
735 260
172 538
540 828
11 967
859 877
967 547
36 254
368 175
127 304
679 473
184 646
446 794
450 469
981 584
816 46
534 780
343 251
662 716
708 873
360 757
840 808
91 974
599 194
678 950
58 310
967 547
752 362
371 810
682 590
999 756
141 386
847 414
867 977
713 78
973 273
411 934
876 449
866 454
708 873
332 872
411 934
197 605
928 803
146 875
793 450
17 42
894 407
464 395
205 649
481 60
368 175
160 294
35 45
299 708
944 441
612 846
50 621
202 162
193 648
581 156
347 528
953 198
203 627
315 519
249 997
387 417
515 369
830 886
929 130
299 708
850 808
623 899
945 489
597 442
443 737
4 234
943 393
801 789
40 932
697 448
399 416
262 856
11 967
138 107
712 733
149 594
71 825
341 383
160 294
880 305
625 357
150 973
743 210
176 499
189 931
801 789
397 147
297 951
625 357
786 148
84 67
82 370
108 81
540 828
369 764
963 311
20 103
765 187
589 401
423 396
821 552
327 66
319 13
440 954
603 240
411 450
427 17
312 760
166 491
188 328
714 693
356 125
143 87
776 194
645 542
802 713
874 791
4 234
421 921
438 890
11 967
572 976
920 629
797 537
370 933
241 753
196 463
294 834
65 518
204 188
37 562
99 415
590 133
862 795
534 780
929 130
518 137
601 923
559 546
650 994
210 399
538 919
161 911
996 1
174 140
957 674
102 638
484 962
828 424
975 877
441 150
304 568
815 972
196 463
893 880
770 89
868 959
276 990
911 161
473 709
525 313
369 764
388 169
894 407
501 185
625 357
51 72
492 713
762 916
54 232
503 500
628 687
733 309
150 973
618 466
539 367
81 588
461 434
863 1
686 286
481 277
158 612
659 481
705 446
123 925
660 84
190 741
85 832
514 857
161 429
253 919
838 301
568 285
178 741
79 485
263 266
895 943
643 586
220 328
386 53
152 986
926 258
235 229
401 822
109 717
940 361
319 13
496 352
160 294
733 654
458 752
362 422
281 852
665 368
731 242
911 429
944 441
720 631
323 992
936 170
833 196
942 993
202 162
878 590
887 815
423 262
174 140
623 899
692 918
546 626
878 590
547 617
574 109
583 351
507 409
274 366
529 527
425 702
133 383
367 902
260 689
584 957
582 982
151 641
767 233
145 901
364 806
134 724
422 783
474 31
906 255
308 587
660 84
624 256
411 934
54 232
730 478
948 212
69 784
396 856
905 315
945 489
239 753
970 59
564 744
600 303
914 747
315 519
996 1
447 620
625 357
990 349
172 742
315 519
556 889
141 386
868 865
437 12
916 688
475 467
907 353
981 957
9 264
784 4
303 600
102 798
648 510
513 385
53 164
465 577
880 305
187 623
603 240
713 492
211 139
465 577
847 414
213 57
194 776
604 761
753 841
692 918
262 856
827 63
958 6
646 347
239 753
861 677
117 944
245 610
388 169
203 627
777 530
878 590
460 636
427 17
851 813
649 474
458 362
236 574
16 570
560 567
762 916
90 812
863 1
794 65
257 887
951 696
800 306
58 484
325 169
251 685
165 523
311 818
839 639
542 443
746 566
690 811
970 59
646 347
744 94
336 827
528 759
332 522
973 273
209 227
116 556
728 529
403 82
288 515
366 274
134 690
674 848
585 437
552 324
156 670
824 837
17 42
667 570
623 203
252 858
69 4
383 611
520 579
696 573
881 932
614 871
369 764
702 380
793 835
921 861
279 258
568 335
7 193
969 553
717 840
750 117
593 958
410 33
901 241
660 238
441 150
523 772
883 855
366 274
617 560
891 40
124 218
636 460
586 566
989 514
363 579
977 983
920 629
808 389
422 783
411 450
700 404
317 705
705 47
197 605
910 905
884 322
401 822
394 112
594 431
331 79
369 764
510 75
201 812
18 888
220 703
591 307
668 876
806 135
356 799
127 304
11 967
170 439
634 349
659 481
347 528
435 521
384 686
497 290
987 324
805 19
864 653
904 541
314 722
527 121
235 331
249 997
823 782
778 839
311 376
642 498
737 359
164 127
975 859
840 609
156 670
712 479
43 995
333 556
336 827
263 266
231 526
546 626
788 687
92 830
906 255
955 886
126 778
542 443
626 174
221 546
863 667
701 435
722 364
244 464
888 276
834 11
927 998
222 662
683 219
480 836
612 846
122 896
611 326
519 771
347 528
56 236
794 65
857 153
644 398
498 111
121 681
470 287
845 57
394 593
319 13
369 764
642 961
714 693
925 487
337 800
877 575
153 56
811 197
295 52
319 13
719 490
692 918
523 772
502 800
387 417
268 394
331 229
888 276
762 916
295 816
553 969
778 639
330 141
658 319
806 135
677 371
554 216
337 800
42 9
414 720
56 956
819 502
497 95
774 33
94 970
377 947
541 532
670 235
68 221
294 834
370 809
395 802
481 60
259 438
820 625
491 544
181 796
564 744
471 377
68 546
133 341
702 380
306 913
602 692
490 356
791 739
784 4
259 438
832 149
673 770
662 716
862 559
599 776
466 200
215 582
616 302
742 910
317 47
834 11
222 662
884 322
237 70
914 747
653 427
245 35
279 258
829 811
658 319
770 198
632 624
371 810
355 247
414 720
594 431
613 938
777 253
598 58
982 898
806 135
845 57
973 273
547 617
227 325
162 436
21 555
199 535
903 996
79 485
457 499
373 874
492 78
506 232
894 407
905 315
531 101
287 41
293 178
417 51
664 831
230 336
832 595
916 688
478 257
126 639
215 582
53 164
209 227
979 126
589 401
672 797
696 573
789 166
529 505
755 292
251 433
936 170
617 560
455 152
997 557
401 822
285 539
961 498
820 625
477 706
505 121
321 801
672 797
627 666
243 585
259 438
942 993
747 731
646 347
297 186
983 99
910 905
461 434
209 325
185 673
279 926
24 77
816 295
222 662
359 901
639 554
859 575
40 907
126 406
438 890
616 302
812 745
915 415
322 722
929 130
267 343
446 794
151 738
954 64
32 3
908 199
49 580
650 994
725 642
588 911
868 814
747 731
787 363
914 747
779 244
104 543
705 446
869 623
411 793
411 934
176 457
124 218
321 801
498 961
865 959
507 409
969 971
749 477
519 771
596 207
918 120
241 753
395 802
818 376
92 830
686 384
543 807
19 587
964 195
613 217
560 567
123 925
139 682
980 278
97 448
537 977
766 5
704 411
608 854
885 600
445 892
593 958
876 449
568 335
238 98
280 645
365 874
428 112
605 20
434 773
933 809
287 41
211 139
575 142
906 255
407 102
948 212
597 246
323 992
211 139
660 238
378 980
771 152
230 336
259 438
910 905
56 236
197 20
178 190
993 561
189 931
107 375
35 45
936 170
948 775
350 105
442 946
487 824
672 797
838 301
224 578
599 194
708 979
811 197
862 795
827 63
244 464
575 683
701 526
222 662
110 735
21 555
821 552
868 814
809 409
72 608
604 650
265 755
227 388
566 151
399 416
991 785
786 21
786 21
755 265
508 523
721 27
135 459
938 964
553 50
110 735
59 767
170 439
917 43
61 325
120 74
610 35
971 621
812 745
526 435
972 945
578 879
739 358
144 633
696 573
424 423
718 138
899 627
194 776
554 216
78 225
539 367
571 758
401 822
621 908
283 447
272 470
767 59
944 441
954 64
498 111
902 18
571 116
429 819
150 973
60 339
585 437
146 561
729 473
316 736
469 630
292 895
989 514
451 283
46 914
680 200
464 395
358 202
158 453
544 533
950 483
359 901
85 393
487 824
439 36
897 963
124 218
257 887
520 579
993 171
656 966
910 905
506 232
495 551
242 340
106 66
335 539
510 75
81 588
426 38
537 34
101 752
32 784
187 869
206 160
389 719
812 745
394 593
836 14
35 732
320 712
315 519
952 251
419 715
873 126
181 607
113 100
749 477
50 621
618 466
275 338
17 42
684 354
437 12
849 714
913 211
986 855
538 742
78 334
705 446
884 322
198 48
532 163
202 436
822 453
287 470
776 194
24 77
190 741
198 471
894 407
47 446
894 407
742 910
739 358
183 976
584 957
742 910
590 341
713 78
899 203
820 625
920 629
316 788
975 859
761 994
88 936
671 191
773 656
77 204
295 816
226 362
841 288
85 393
972 945
622 517
110 735
127 304
99 915
360 757
550 61
906 255
392 483
710 786
287 41
821 552
689 768
140 299
143 669
590 133
748 911
892 209
135 440
629 545
526 548
797 537
973 273
197 605
77 204
857 494
268 394
296 591
502 337
750 117
592 630
954 468
399 416
514 857
613 217
223 360
940 763
630 616
235 229
880 408
778 639
44 14
250 339
488 645
499 672
454 284
3 784
125 189
366 274
406 639
260 689
271 981
671 215
580 124
600 936
217 613
567 725
592 630
238 98
802 713
130 619
527 121
474 991
663 750
687 628
830 886
296 591
433 685
159 852
648 510
409 509
163 598
899 203
925 487
594 431
904 62
22 177
409 509
192 345
587 308
860 597
156 670
605 10
53 164
967 547
534 780
475 327
196 332
916 688
102 638
275 338
478 257
175 368
173 581
567 725
349 316
952 685
317 47
716 128
937 354
101 752
14 282
670 235
738 531
558 781
544 249
467 106
814 865
755 265
354 885
446 794
984 949
984 46
440 954
515 369
594 751
387 402
372 216
113 324
373 791
714 73
513 385
869 623
753 239
15 596
492 78
533 249
956 574
215 191
596 207
307 851
333 889
216 372
870 398
127 304
37 754
358 202
833 196
515 369
393 85
240 734
424 423
907 353
906 255
372 903
5 223
80 679
9 264
826 367
835 469
760 312
620 268
340 652
319 13
614 774
597 246
357 25
310 58
137 472
124 218
325 227
924 419
646 347
379 664
201 812
680 200
958 6
198 471
421 921
156 670
160 294
374 412
716 128
539 367
717 850
917 995
187 623
626 174
55 516
202 162
249 997
571 116
311 376
358 202
727 530
604 650
149 594
284 352
71 825
643 586
209 61
432 2
819 502
851 813
749 477
739 358
480 836
62 541
46 914
993 171
918 120
758 116
78 334
453 612
468 64
304 568
731 242
859 575
571 116
515 369
740 998
662 716
609 808
766 5
202 436
405 330
913 211
838 301
510 75
449 243
963 311
159 852
109 717
193 648
85 832
63 564
559 546
399 416
139 878
3 69
40 932
366 274
143 87
768 525
529 527
48 377
105 589
633 24
934 411
102 638
456 348
992 323
119 23
877 859
605 103
198 471
411 450
497 290
206 160
612 846
586 566
483 230
914 747
588 748
662 716
21 555
703 320
423 396
981 584
994 118
335 826
162 379
250 339
482 728
478 257
705 446
807 845
70 920
991 785
617 560
329 114
843 138
361 501
48 471
243 585
345 804
608 854
619 318
553 969
536 148
450 469
964 195
320 712
607 796
245 610
948 212
458 362
673 89
2 129
784 4
649 31
31 991
714 154
291 838
105 589
261 36
703 328
694 44
79 29
678 392
84 660
406 554
720 40
898 252
978 817
52 914
230 336
634 990
189 931
847 414
136 789
663 750
141 386
302 671
92 785
3 69
445 892
822 453
472 399
116 556
531 391
662 716
673 770
585 437
841 288
379 664
973 273
780 279
956 236
560 567
791 739
251 433
41 321
11 967
498 111
548 435
986 28
808 657
995 445
42 9
505 527
909 224
19 587
489 849
469 592
700 805
480 836
675 207
312 760
826 367
531 101
978 817
430 847
870 856
700 511
771 455
900 144
222 278
437 12
218 653
878 590
599 776
335 826
562 655
470 41
225 231
248 862
889 821
912 585
713 78
870 856
569 576
43 445
56 236
913 211
320 712
551 460
710 786
576 323
997 557
232 760
883 855
464 395
185 673
397 147
322 722
296 591
914 747
475 467
66 534
292 895
418 847
772 465
910 905
247 343
139 878
493 420
687 413
171 941
951 696
878 590
923 622
327 66
331 79
324 113
653 427
569 576
500 365
712 479
144 633
603 240
803 55
1000 728
178 190
312 615
468 181
760 312
237 70
491 544
924 476
698 457
583 909
806 135
531 101
70 629
825 917
272 287
982 898
238 98
916 688
154 820
896 138
837 823
506 54
764 906
822 158
23 467
69 784
489 849
191 582
832 149
20 103
262 396
142 219
893 880
274 405
213 57
674 957
955 886
472 210
724 811
319 13
959 814
21 555
611 697
211 139
75 493
422 783
733 309
625 357
9 942
9 942
969 50
141 386
776 900
303 88
80 729
194 900
406 554
438 374
698 499
505 121
849 714
351 909
729 473
310 484
453 612
781 397
180 83
470 41
593 958
567 725
255 602
794 65
12 950
321 801
809 409
649 31
80 729
717 609
787 363
740 884
708 873
507 409
218 653
10 103
132 695
725 642
986 855
340 271
741 155
608 854
611 697
789 166
323 992
79 29
88 170
834 11
285 539
773 656
7 193
245 35
98 159
268 394
691 549
376 949
642 498
838 301
886 143
7 193
204 188
250 339
97 461
379 664
18 888
18 888
148 21
423 396
365 373
997 275
552 324
615 643
301 366
708 873
480 694
934 793
198 48
417 51
468 181
238 67
253 538
409 509
596 207
794 65
663 756
69 4
886 143
276 634
798 638
540 828
144 633
75 985
688 604
349 316
262 856
301 366
625 357
306 913
760 615
532 163
810 96
15 596
303 936
864 218
817 265
343 952
215 582
602 692
758 116
46 52
72 608
20 605
309 654
4 234
322 722
730 478
888 276
515 369
86 254
355 247
319 13
376 816
968 253
814 865
440 954
925 487
690 811
470 287
658 535
318 882
99 415
245 35
161 429
863 1
599 776
364 806
170 439
845 807
156 670
240 734
23 475
611 697
595 149
486 115
648 510
349 316
382 176
811 197
806 135
569 576
848 606
989 514
991 92
59 233
507 409
428 112
69 784
574 109
159 852
998 884
648 510
336 827
848 606
78 334
627 666
778 839
665 219
907 353
399 416
738 531
852 259
891 631
611 697
981 584
224 578
937 354
758 571
994 118
193 648
474 991
428 958
936 88
127 304
964 704
656 966
230 336
177 497
817 755
329 114
868 959
648 510
201 812
684 354
500 365
81 588
554 372
519 771
829 811
184 646
85 393
982 898
130 619
79 485
736 788
179 123
916 688
271 981
77 204
855 432
253 172
438 168
838 301
451 283
283 447
83 486
324 100
288 515
550 892
486 115
688 661
202 162
107 375
355 247
146 875
772 465
102 638
173 581
924 476
627 482
276 990
842 1000
8 291
377 947
658 535
554 216
672 797
173 581
770 198
788 736
670 235
893 709
117 944
529 505
73 820
340 652
608 854
220 703
777 253
381 969
253 172
9 264
464 802
564 744
750 117
171 561
49 580
505 527
137 472
555 540
466 680
594 751
483 289
594 431
551 636
272 470
142 219
646 347
178 190
592 616
757 228
304 568
6 381
281 852
759 403
838 301
646 347
383 611
802 492
291 838
564 744
436 162
379 664
561 329
918 120
7 193
70 629
186 951
253 538
317 705
258 868
411 835
745 833
857 494
891 40
642 498
647 30
591 307
93 248
60 339
342 80
375 104
622 517
990 349
683 665
174 140
14 723
19 346
560 567
421 699
30 132
31 991
927 998
254 975
80 729
879 651
593 112
563 651
489 849
22 290
166 491
385 296
181 607
961 111
504 730
213 57
853 353
81 588
360 757
116 556
195 704
846 769
966 614
744 94
878 590
678 950
997 275
428 958
694 44
845 807
68 546
270 280
564 744
15 707
415 511
500 365
206 160
31 474
119 23
606 351
10 108
663 750
580 124
507 809
376 818
12 392
255 602
395 802
263 266
420 646
824 837
297 951
567 725
970 767
490 356
55 516
958 6
57 237
39 532
264 942
40 907
833 463
66 534
879 563
342 679
576 992
683 219
431 751
448 461
366 405
72 608
511 700
256 248
926 868
320 712
448 461
940 361
545 536
217 964
977 983
956 574
312 760
299 708
694 44
280 645
800 913
252 858
166 491
604 650
690 811
731 242
313 601
204 188
637 7
602 692
75 493
930 758
596 207
722 364
558 988
831 444
780 279
9 264
169 388
342 679
887 815
604 761
188 703
666 728
397 90
515 369
518 743
508 523
903 996
931 897
957 674
8 291
446 794
555 540
759 403
487 824
889 821
240 734
423 262
106 66
78 225
286 176
298 138
825 917
5 223
492 78
487 824
382 176
19 346
714 73
562 655
153 494
314 364
951 696
337 306
442 946
517 503
861 677
543 807
304 568
953 770
700 511
617 560
287 41
494 56
815 972
3 69
943 85
682 590
488 645
534 780
583 351
820 625
588 161
226 362
716 128
755 265
495 636
989 514
245 610
983 99
697 448
219 400
757 228
980 222
248 862
477 706
918 120
888 276
807 57
10 108
789 166
836 44
536 710
22 497
390 70
911 429
622 517
969 50
887 815
325 227
928 55
95 894
321 801
971 621
509 756
228 71
220 188
163 598
546 626
535 319
862 795
653 427
857 153
709 305
646 347
614 774
125 189
271 981
760 312
694 836
830 886
762 782
784 4
331 229
825 214
413 350
975 859
683 142
355 267
586 746
866 454
733 654
726 960
834 11
87 669
274 405
867 977
89 198
82 370
914 747
369 764
161 429
561 146
18 902
381 553
383 611
217 938
416 989
235 331
829 690
889 821
988 397
455 771
301 366
613 938
724 811
813 180
378 980
696 208
311 818
425 702
918 120
857 494
931 897
220 328
331 229
897 311
427 17
523 772
76 270
155 524
179 123
895 943
768 91
253 538
784 4
691 549
68 559
40 932
757 228
692 918
483 230
191 215
643 746
518 743
877 859
401 822
397 90
52 914
759 403
229 331
875 114
821 987
904 532
846 769
933 507
687 628
534 780
236 574
903 996
863 667
765 635
326 697
486 115
702 380
735 260
972 945
877 859
831 444
510 985
708 873
291 838
325 388
625 357
997 275
62 532
253 172
491 533
523 772
663 750
467 106
692 918
907 932
409 999
291 838
419 476
519 455
714 73
96 430
894 407
542 443
832 149
800 913
414 891
807 213
647 30
625 357
509 663
18 902
683 665
950 483
207 179
64 181
359 901
757 228
236 574
21 555
253 538
841 288
918 120
237 390
841 288
5 223
342 80
876 449
408 691
323 686
27 387
832 149
464 395
941 146
561 146
99 415
877 575
69 4
729 709
691 549
633 24
219 400
321 136
24 77
345 804
69 784
383 611
357 25
53 164
84 238
23 475
763 565
146 941
47 446
383 611
43 445
998 884
385 296
33 927
817 755
975 877
432 2
125 799
738 531
670 235
322 314
870 644
139 682
937 354
266 844
403 82
245 35
587 54
753 841
747 731
429 819
882 632
463 332
259 438
533 544
513 385
248 862
710 536
432 129
659 481
153 494
140 299
674 848
690 811
179 123
187 869
215 191
386 53
533 544
436 379
682 590
758 571
848 606
126 778
690 724
482 728
460 636
790 766
555 540
164 127
90 922
413 350
1 863
951 696
759 403
152 883
260 689
362 422
86 254
780 279
105 589
49 580
553 971
615 643
787 520
427 17
697 97
488 645
235 229
989 514
416 989
299 708
520 787
861 677
215 582
208 573
213 807
945 489
96 418
152 986
988 397
454 935
575 683
190 155
173 581
348 490
922 201
934 835
451 283
852 259
688 604
616 302
556 889
517 462
940 763
96 430
371 810
429 819
440 954
473 709
132 695
338 84
870 398
791 739
754 37
958 6
174 140
596 207
673 89
931 897
343 251
51 72
193 648
461 434
841 288
383 611
583 909
825 917
334 231
750 117
806 135
61 209
796 940
480 694
300 901
309 425
295 984
879 563
228 71
963 376
702 380
337 502
784 4
920 545
22 497
383 611
432 2
695 132
548 521
698 176
950 678
600 88
884 322
258 868
219 368
254 975
573 208
420 184
886 143
197 20
320 712
782 916
333 556
937 354
99 415
119 23
553 971
632 624
528 759
594 431
684 354
786 148
982 898
645 542
859 575
837 823
288 515
187 623
818 984
217 613
386 53
332 872
155 647
544 533
32 3
677 371
272 470
478 257
382 176
256 248
788 736
478 257
753 841
349 316
8 291
380 558
782 916
516 635
499 672
940 763
917 214
575 683
546 626
371 810
689 768
291 838
490 456
242 340
899 627
611 326
77 204
845 807
276 990
443 737
90 201
821 987
913 211
218 653
177 22
609 808
585 437
879 563
303 600
617 560
441 150
694 480
164 127
915 415
321 136
369 764
921 861
353 27
673 770
148 21
414 631
920 545
285 539
371 810
734 378
842 482
111 15
584 981
926 868
822 453
797 34
585 437
359 145
146 329
603 240
791 739
364 806
958 6
390 70
330 676
251 433
342 679
488 645
140 299
181 796
716 128
481 277
632 624
299 708
509 999
755 292
341 133
523 772
109 717
293 178
195 704
625 357
831 444
283 447
189 931
840 808
660 238
43 995
976 504
196 332
250 339
697 97
452 632
790 766
184 420
574 109
950 289
459 440
734 378
172 742
906 255
133 383
823 762
125 189
17 42
212 508
340 652
738 531
749 477
603 240
647 30
738 531
120 74
342 80
165 523
210 399
825 917
538 919
628 711
691 549
107 375
220 703
771 455
820 625
284 496
19 346
885 303
602 692
902 888
121 426
637 7
328 320
909 224
894 407
883 28
601 923
615 643
761 650
310 58
120 74
43 995
964 195
497 95
473 893
393 832
117 944
527 121
172 742
426 38
546 626
734 378
162 379
880 408
889 821
477 930
203 899
445 550
954 64
279 926
207 179
267 343
381 969
445 892
456 348
920 545
629 545
556 889
961 111
300 241
544 533
17 42
988 781
943 85
660 67
613 938
37 562
319 13
749 477
433 685
778 126
396 262
353 721
400 368
285 826
979 126
427 17
887 815
692 918
486 115
591 307
394 428
12 678
343 952
736 628
345 804
98 281
371 810
917 43
610 245
997 275
272 470
260 689
589 401
272 287
434 773
466 680
619 318
474 991
676 330
628 687
719 490
60 339
49 580
816 984
244 512
603 240
258 868
542 443
66 534
398 976
359 145
737 145
997 557
381 553
362 422
505 527
868 865
249 997
223 360
49 580
675 207
371 810
853 721
440 459
208 355
894 407
528 759
421 921
217 938
924 476
979 126
313 601
540 828
644 976
612 846
900 144
449 243
957 848
526 548
815 972
358 202
187 869
667 16
304 568
658 319
970 59
163 167
743 137
31 474
829 811
681 38
199 535
234 610
975 877
494 56
888 276
42 9
851 813
306 913
347 528
279 258
145 300
24 77
320 712
392 483
55 516
980 222
504 730
248 862
611 326
119 23
58 484
885 303
139 878
558 988
309 425
768 525
934 411
992 686
527 121
321 136
798 638
309 425
300 241
401 822
257 887
104 543
560 567
130 619
825 917
416 989
344 329
728 529
578 879
996 1
134 829
324 100
799 125
19 346
244 512
332 872
823 782
416 989
81 588
297 951
123 925
863 667
913 211
719 490
878 682
902 888
188 220
528 759
817 265
266 844
521 929
661 604
574 109
558 988
716 128
969 971
916 688
116 556
2 49
148 786
529 505
536 786
735 260
714 693
424 423
859 575
533 249
775 212
510 985
764 906
379 664
394 428
516 635
243 585
398 644
650 761
439 86
389 657
755 292
505 121
556 889
426 681
897 311
925 487
734 378
897 963
672 797
586 746
875 114
881 353
866 454
496 352
574 109
537 977
734 378
457 499
547 617
732 122
48 377
585 437
886 143
692 918
282 640
117 944
344 875
465 577
294 834
504 730
859 877
753 841
213 845
982 898
475 106
827 63
673 89
680 200
189 931
540 828
757 228
741 190
441 150
119 23
120 74
704 195
227 388
779 269
138 107
747 731
603 240
596 207
30 132
848 606
660 67
375 104
899 203
80 473
970 767
841 288
964 195
373 791
4 234
892 550
369 764
112 958
72 608
872 522
86 254
913 211
582 982
77 204
833 463
518 743
537 867
348 490
409 999
539 826
802 492
47 446
554 216
797 537
853 353
982 898
872 157
903 996
325 388
668 876
571 116
662 716
931 897
542 443
163 598
211 139
522 157
116 556
527 505
499 672
951 696
147 812
89 198
396 870
698 457
704 934
262 870
720 40
606 583
616 302
820 625
336 827
23 475
673 89
647 30
906 255
721 27
481 250
189 931
152 883
939 11
725 642
589 401
950 392
225 231
85 832
550 209
504 730
828 424
815 972
492 78
226 362
912 585
700 404
266 844
504 730
900 144
223 360
569 576
277 250
441 150
210 399
782 916
174 140
190 741
337 306
387 402
13 965
630 616
255 602
903 996
616 302
525 313
955 830
524 155
886 143
889 821
446 794
625 357
649 474
110 735
765 635
701 435
99 415
403 82
828 424
94 970
70 390
13 965
447 620
234 245
21 555
546 626
385 296
307 851
959 814
293 178
574 109
832 149
656 966
265 292
439 261
143 87
231 701
762 916
821 987
934 411
476 860
242 340
260 689
667 570
881 353
798 638
979 873
165 523
199 535
26 33
420 646
260 689
734 378
409 509
122 718
342 80
627 666
339 928
474 991
459 954
686 286
509 999
60 339
377 947
127 304
558 988
963 376
19 346
898 252
880 305
759 403
287 41
193 648
944 441
467 106
232 312
530 777
735 260
994 118
464 802
805 19
999 509
268 394
663 750
646 347
231 526
944 441
273 495
825 917
626 174
195 704
485 779
688 604
627 666
214 43
786 21
528 759
782 916
45 732
432 2
568 335
716 128
496 177
971 621
997 557
736 687
112 428
592 630
824 837
807 57
39 532
831 444
73 820
819 337
109 717
224 578
412 904
359 145
174 140
869 623
69 4
912 585
115 603
334 225
470 287
360 757
589 401
519 455
155 524
880 691
44 836
797 537
758 571
560 567
565 185
256 248
573 208
645 542
291 838
41 321
478 257
368 175
147 812
574 109
565 673
715 597
631 40
324 100
687 628
516 765
265 755
655 317
518 137
364 806
140 299
11 967
386 53
670 235
283 447
703 320
774 871
451 283
766 5
939 834
906 255
178 741
535 319
566 151
538 742
655 317
406 554
734 378
118 866
681 38
316 736
772 465
898 252
275 338
110 735
30 132
485 779
115 603
137 472
483 230
511 805
474 991
767 233
582 982
841 288
85 832
370 507
695 132
954 468
206 160
963 376
64 468
322 314
592 616
903 996
234 610
657 719
430 418
260 689
85 393
77 204
589 401
804 206
702 380
945 489
324 100
6 381
159 852
705 47
249 997
940 361
821 987
105 589
64 181
14 723
868 865
222 662
679 473
439 36
108 81
973 273
772 465
326 611
960 726
685 110
840 808
514 857
721 853
852 259
803 55
630 616
326 697
341 383
268 394
704 195
146 329
76 270
408 549
996 1
111 707
524 647
902 18
959 865
823 782
763 565
756 750
403 82
794 65
824 837
925 487
286 382
357 25
854 342
212 165
684 354
712 733
211 139
127 304
668 876
77 204
271 652
304 568
15 596
477 930
990 349
782 916
74 726
588 911
173 581
581 156
430 847
459 440
989 514
172 742
936 88
578 879
910 905
301 366
123 925
28 883
701 435
361 501
897 963
382 286
714 73
843 896
246 946
397 90
467 106
66 534
611 697
74 726
913 211
405 330
193 648
654 425
637 7
284 496
920 545
461 434
676 141
84 67
692 918
327 106
379 664
768 525
259 438
980 278
545 710
786 21
263 266
531 101
368 175
618 466
412 904
49 580
42 9
19 587
420 646
605 103
456 356
239 841
803 928
430 847
944 441
137 210
674 848
824 837
591 307
328 703
107 375
848 606
124 218
116 556
721 27
995 445
109 717
404 19
230 336
139 878
957 674
229 331
119 23
694 480
76 270
867 983
499 672
731 242
599 776
811 197
528 759
319 13
752 362
512 464
331 79
423 396
86 254
487 824
487 824
911 429
343 251
552 113
226 362
201 745
234 610
794 65
900 144
553 50
721 853
175 749
655 317
690 811
421 946
25 217
825 917
501 673
315 519
133 341
653 427
126 406
307 851
704 934
884 322
455 771
48 471
309 654
471 377
908 199
716 128
989 514
919 742
788 628
694 836
393 85
158 612
838 301
540 828
703 320
633 24
668 876
888 276
237 390
397 90
62 39
25 613
378 980
284 496
779 244
837 823
950 289
194 900
751 431
434 773
735 260
915 99
254 975
432 2
614 871
661 761
33 927
996 1
271 981
975 859
736 788
972 945
322 722
560 567
791 739
714 154
194 776
622 517
18 888
428 958
821 987
362 422
466 680
22 177
199 658
745 833
355 267
746 566
683 665
810 96
927 740
182 484
4 234
307 851
431 3
20 605
59 767
271 981
516 765
335 826
104 543
151 641
698 176
115 603
791 739
206 160
662 716
354 885
51 72
22 497
965 754
197 605
323 686
608 854
486 115
570 569
632 624
608 854
670 235
674 848
409 999
969 50
628 711
440 954
612 846
634 349
15 596
130 619
362 422
608 854
527 121
279 258
305 691
72 608
930 758
859 575
238 67
853 27
486 83
29 269
418 847
351 583
388 272
154 820
441 150
284 935
343 251
328 320
731 242
573 355
332 522
184 420
274 405
329 875
476 715
547 617
63 792
624 256
630 616
57 237
576 992
795 546
964 704
239 841
407 102
992 686
750 117
474 31
253 919
348 356
653 427
134 724
943 85
163 167
798 638
851 813
832 595
522 872
411 793
741 524
318 452
381 553
7 193
413 350
546 626
500 365
928 55
130 619
829 811
148 21
437 12
380 558
898 252
524 647
83 486
159 281
318 452
583 909
732 122
8 947
615 643
545 536
965 754
123 925
419 860
987 324
566 151
872 522
742 910
221 546
291 838
710 536
604 761
108 81
430 418
85 832
238 67
523 772
787 579
239 753
800 913
791 739
424 423
540 828
816 52
543 807
52 46
985 75
747 731
524 155
808 389
260 689
849 714
622 462
312 615
111 707
207 179
533 544
999 663
217 938
87 668
324 618
886 143
778 126
47 446
615 643
303 88
790 766
612 846
857 494
465 577
279 926
414 720
446 794
830 886
423 262
79 29
43 445
2 49
108 81
375 104
677 371
74 960
248 862
37 562
332 872
365 874
590 133
959 637
932 853
683 142
513 385
360 757
920 545
304 568
27 387
826 367
985 75
191 582
143 87
906 255
249 997
477 930
717 840
323 992
635 765
882 632
501 673
139 878
584 957
148 786
765 635
987 324
149 594
924 419
977 983
330 676
443 737
983 99
69 4
643 586
958 6
683 400
152 986
954 64
42 9
779 512
102 638
612 846
506 232
685 131
963 311
129 2
928 55
869 623
384 286
667 16
825 214
195 704
770 953
471 377
564 792
952 433
72 608
771 455
415 511
876 449
259 438
338 660
913 211
177 497
244 464
89 198
563 266
154 820
261 254
434 773
899 627
948 212
789 166
323 992
418 847
109 717
133 383
915 415
40 881
137 210
135 459
818 376
372 903
456 356
871 33
76 270
639 554
869 623
667 16
513 385
38 293
821 987
342 679
754 562
730 478
704 411
723 948
255 602
636 460
517 503
730 478
794 65
274 405
58 484
20 605
505 121
845 57
832 149
997 275
153 494
804 206
779 244
281 852
174 140
918 120
991 785
749 477
209 61
870 398
872 157
794 65
832 595
770 198
84 660
589 401
66 534
317 47
645 542
803 928
627 666
501 565
232 312
357 25
793 835
480 44
741 155
613 964
869 187
579 451
881 907
342 80
380 558
92 830
998 740
857 494
716 128
958 6
455 152
5 223
728 529
902 888
640 723
96 430
782 762
339 928
424 423
816 46
696 573
937 354
256 248
926 868
479 654
97 461
453 612
697 97
619 318
913 211
199 535
195 411
61 325
620 268
511 404
138 107
137 743
248 862
393 832
443 737
454 284
892 61
71 825
107 375
953 198
360 757
17 42
406 839
275 338
688 604
966 614
828 424
354 885
841 288
228 71
345 804
728 529
283 447
791 739
432 2
785 92
488 280
347 528
949 295
474 31
416 989
760 615
264 171
200 680
450 469
929 130
179 123
651 263
423 396
508 165
136 789
391 458
96 418
105 589
420 646
254 975
821 987
456 356
757 228
769 659
967 547
703 328
463 196
119 858
184 646
174 140
509 756
19 346
193 648
220 703
673 953
330 141
447 620
22 290
6 381
564 792
901 300
989 514
235 229
364 806
588 911
792 564
128 134
617 560
685 131
325 227
212 165
561 344
481 60
695 480
918 120
521 929
548 521
224 578
123 925
897 311
767 233
145 300
820 625
547 617
455 771
388 169
749 477
712 479
918 120
388 272
100 466
989 514
753 841
180 486
51 72
642 961
944 441
519 771
399 416
93 248
10 108
121 426
825 214
616 302
601 923
313 601
293 178
293 178
555 540
919 538
454 935
751 3
924 419
885 600
631 720
603 240
72 608
494 56
830 886
526 435
23 467
537 867
317 47
963 311
224 578
170 439
26 410
281 159
544 249
446 794
40 907
875 114
960 726
106 66
491 544
317 47
333 556
827 63
386 53
744 94
983 99
218 653
141 386
975 877
341 383
4 234
302 671
344 114
283 447
692 918
616 302
166 491
94 970
978 817
866 454
710 786
80 729
875 114
793 450
342 80
571 758
951 696
433 110
805 19
880 691
676 141
16 570
852 259
206 160
393 832
66 534
271 981
558 781
646 347
768 974
349 316
790 783
420 646
725 642
602 692
377 8
223 360
130 619
36 254
169 388
611 326
862 221
147 812
438 890
924 476
690 829
764 906
554 372
401 822
659 481
393 832
338 84
762 916
339 803
737 359
989 514
560 567
767 233
349 316
762 916
46 914
841 288
615 643
233 297
166 491
297 951
46 914
881 932
835 793
808 657
328 320
229 79
894 407
152 883
27 387
568 285
773 656
161 429
917 214
647 30
4 234
773 656
63 792
570 569
932 853
970 59
365 373
165 523
543 213
966 614
350 105
623 203
975 877
986 855
15 707
95 894
327 66
128 134
917 995
985 493
702 380
926 868
304 568
179 123
622 462
655 317
798 638
961 111
111 15
976 183
222 662
776 900
775 212
136 789
590 133
340 652
119 858
345 804
594 431
501 565
965 37
729 893
810 96
409 509
83 115
260 689
780 279
838 301
489 849
422 790
416 989
558 781
949 816
252 119
984 46
28 855
533 249
944 441
268 394
88 936
115 603
461 434
891 40
643 586
65 518
466 680
432 2
46 52
754 562
828 424
575 683
136 789
794 65
915 99
317 705
216 372
868 814
537 34
477 930
962 599
126 778
639 554
727 253
42 9
944 441
467 327
308 54
375 104
484 182
175 749
133 383
190 741
216 372
908 199
789 166
446 794
391 101
913 211
448 461
583 351
782 916
191 582
265 292
446 794
358 202
510 75
268 394
305 691
575 142
472 399
494 56
290 95
46 52
406 639
529 527
323 992
425 702
525 91
360 757
921 861
409 509
910 905
720 40
428 112
366 274
379 664
603 240
951 696
418 847
871 410
429 819
264 171
200 76
18 888
366 405
931 897
516 765
49 580
929 130
485 29
895 943
179 123
736 788
667 570
474 31
254 975
53 164
248 862
292 895
917 995
206 160
96 418
897 311
663 750
372 903
731 242
915 415
406 554
908 199
844 513
863 16
184 646
926 868
786 148
443 737
458 752
294 939
194 776
893 709
151 738
118 866
697 448
304 568
822 158
69 4
20 103
160 294
176 457
778 126
673 89
879 263
350 105
278 662
872 157
568 335
750 117
339 928
493 420
412 39
606 351
302 671
750 117
898 252
903 996
620 268
868 959
172 919
284 935
660 67
89 198
704 411
360 757
691 549
345 804
425 702
906 255
780 279
190 741
874 791
907 353
750 117
961 111
537 34
628 687
151 641
704 934
134 690
385 296
805 19
169 388
553 969
489 849
659 481
639 554
50 621
565 501
954 468
593 428
866 454
662 716
249 997
463 196
911 161
958 6
104 543
150 973
753 841
361 763
603 240
834 11
617 560
52 46
715 860
110 735
674 848
941 344
326 697
934 411
12 950
564 792
534 780
908 199
535 658
310 58
229 79
843 718
661 650
143 669
626 174
233 297
143 669
603 240
904 532
235 331
204 220
165 508
535 319
293 178
980 222
534 780
776 900
955 830
498 111
249 997
965 37
983 915
394 112
474 31
923 622
761 994
818 376
960 726
69 4
737 359
471 377
122 896
902 888
19 308
577 924
923 622
171 561
950 289
24 77
839 406
162 436
966 614
566 641
53 164
520 363
729 709
782 762
808 389
57 237
723 775
222 662
574 109
209 227
408 691
927 998
835 469
321 136
597 442
193 648
972 945
993 146
689 768
815 972
797 34
56 956
268 394
320 712
828 424
758 571
192 345
61 209
557 338
901 300
592 616
371 810
24 77
82 370
898 252
990 349
299 708
387 402
759 403
9 942
546 626
233 297
713 492
919 742
264 993
516 635
235 331
85 393
808 657
380 558
866 454
420 184
669 87
137 210
601 923
965 37
905 315
452 632
249 997
801 136
675 179
702 380
702 380
956 236
670 235
540 828
465 577
419 715
87 668
933 809
94 970
739 358
512 244
314 364
861 677
259 438
396 870
268 394
944 441
451 283
30 132
759 403
605 103
731 242
834 11
657 719
577 924
443 737
193 648
958 6
169 272
596 675
179 123
574 109
817 755
115 603
963 311
553 50
181 796
203 899
806 135
90 147
85 832
422 783
504 730
920 545
615 643
196 332
872 522
822 453
368 749
650 761
327 66
393 832
671 191
382 286
741 190
919 742
901 241
286 176
647 30
401 822
262 870
258 868
50 971
414 631
688 661
728 529
102 638
811 197
545 536
258 868
862 559
97 461
540 828
14 723
553 50
238 67
189 931
988 397
166 491
928 55
622 462
584 957
917 214
408 549
252 858
754 562
742 910
243 585
933 370
338 660
660 67
60 277
165 523
215 582
24 77
137 743
739 358
876 449
108 81
76 280
641 738
202 436
848 606
639 554
488 280
929 130
843 896
943 85
276 990
661 761
620 268
635 187
150 973
77 204
81 748
946 421
380 558
659 481
544 249
78 334
894 407
442 246
507 409
191 215
378 980
119 23
100 618
142 219
114 978
183 504
525 91
469 592
167 598
816 52
681 38
163 598
420 646
755 292
316 736
935 496
482 1000
264 171
210 399
288 515
453 612
388 272
271 981
137 210
415 511
787 363
316 788
80 679
539 367
331 79
474 991
183 976
748 588
589 401
110 735
468 64
127 304
923 622
824 837
25 217
41 321
812 201
140 299
165 508
963 311
268 394
918 120
398 572
392 678
870 856
833 463
916 688
423 396
917 995
369 764
195 934
94 970
856 870
874 791
293 178
352 496
409 509
514 857
515 369
7 193
919 538
736 628
326 611
185 673
883 986
708 873
733 654
898 252
721 27
215 582
620 268
521 929
581 156
70 390
352 177
75 985
136 789
833 463
888 276
589 401
955 886
505 121
820 625
641 738
941 344
492 713
149 594
611 326
341 133
790 766
604 650
116 333
598 58
673 953
76 280
34 977
826 539
988 781
724 690
150 973
353 721
965 37
530 253
447 620
799 189
646 347
309 654
380 558
455 152
745 833
962 599
958 6
485 779
304 568
247 267
548 435
383 326
27 387
483 289
666 1000
5 223
866 454
64 468
204 188
767 59
787 363
726 520
834 11
719 456
557 338
635 765
546 626
55 516
675 179
922 201
635 765
693 73
122 718
550 61
980 222
390 70
83 115
580 124
964 195
403 82
809 409
980 278
829 811
258 868
147 90
420 184
324 100
56 956
917 214
962 599
334 231
132 695
713 492
230 336
135 440
411 450
178 741
556 889
336 827
706 571
536 148
352 496
581 156
480 44
556 333
296 591
166 491
223 360
650 994
702 380
942 993
127 304
116 556
895 943
885 303
77 204
23 467
111 707
143 87
735 260
416 989
67 98
2 129
432 129
149 594
584 957
647 30
591 307
598 58
163 598
310 182
614 26
426 681
139 878
11 967
39 904
706 758
955 830
358 202
917 995
644 183
766 5
438 168
365 874
641 151
661 761
119 858
962 599
892 209
651 266
234 610
430 847
601 923
287 41
646 347
601 923
274 405
675 207
795 559
594 751
130 619
77 204
873 778
437 12
137 472
746 566
121 681
457 672
915 415
342 80
668 876
36 86
32 3
139 682
841 288
888 276
769 659
480 44
401 822
207 179
775 212
328 703
716 128
27 387
672 797
556 889
343 952
769 659
853 353
885 303
320 712
838 301
264 942
875 114
641 738
797 34
190 155
943 393
989 514
178 741
997 275
491 544
351 583
494 56
731 242
813 180
543 807
234 245
610 245
934 793
335 539
569 576
531 101
649 31
937 354
982 898
911 161
959 865
427 17
461 434
85 832
292 895
854 342
960 726
2 49
175 368
239 841
464 802
493 184
984 52
211 139
374 890
242 340
741 155
183 504
42 9
775 212
499 672
325 169
648 510
810 96
801 789
254 975
770 198
618 466
715 597
25 217
571 116
656 966
697 448
910 905
302 671
267 247
717 850
196 332
532 163
753 841
668 876
116 556
528 759
113 324
80 729
895 943
737 359
3 32
670 235
911 429
55 516
240 734
350 105
598 310
998 884
484 182
691 408
173 581
616 302
280 488
904 532
588 161
750 117
95 894
910 905
144 633
133 383
519 771
131 110
314 364
657 389
918 120
519 455
63 792
303 936
588 748
547 617
503 500
407 102
44 836
938 704
721 27
612 846
822 158
2 49
859 575
589 401
96 430
967 547
49 580
983 99
617 560
904 62
821 987
731 242
679 729
995 43
208 573
253 172
96 430
441 150
399 416
46 914
853 353
120 74
524 647
138 107
513 385
868 865
724 690
142 219
363 451
606 583
676 141
647 30
177 22
606 351
948 212
523 772
833 463
690 724
295 949
156 670
852 259
638 968
139 682
296 591
573 355
658 319
521 929
506 54
459 954
713 492
507 409
471 377
824 837
566 151
342 679
88 170
331 79
581 156
114 978
938 704
850 808
791 739
781 397
126 406
248 862
1 16
41 321
288 515
959 637
334 225
49 580
973 273
996 1
40 907
109 717
231 701
179 123
606 583
319 13
51 72
448 461
698 457
628 711
462 503
614 871
780 279
253 172
240 734
409 999
410 774
277 339
1 863
937 354
378 980
811 197
982 898
821 552
974 313
315 519
741 190
343 251
240 734
653 427
554 372
904 39
459 440
67 238
322 722
738 531
240 734
364 806
265 292
895 943
705 446
549 649
766 5
12 950
322 314
477 706
454 284
954 64
202 162
599 776
975 859
381 969
741 524
43 995
276 990
54 506
886 143
297 186
684 937
942 993
955 830
415 511
278 222
259 438
301 274
446 794
775 948
195 934
405 676
783 766
643 746
129 49
652 271
377 8
402 417
546 626
735 260
30 695
769 659
538 742
978 817
318 882
890 374
486 115
637 7
381 969
162 436
585 437
489 849
749 477
305 880
890 168
262 856
286 176
556 333
173 581
901 241
193 648
923 622
442 421
694 480
48 471
590 133
929 130
884 322
198 471
42 9
518 137
63 792
94 970
740 998
244 464
713 492
808 389
902 18
391 752
340 652
796 607
751 32
941 561
265 292
756 750
714 73
964 938
165 523
56 236
345 804
38 293
969 553
245 610
386 53
332 872
550 61
995 445
691 549
925 487
918 120
9 942
40 932
757 228
436 162
416 989
985 75
828 424
781 397
118 866
276 634
81 588
567 725
436 162
181 607
584 981
759 403
803 55
293 178
592 616
568 335
235 331
156 670
227 388
464 802
278 222
716 128
550 892
523 772
517 503
615 643
141 386
224 578
552 113
478 257
386 53
595 594
696 573
806 135
986 855
13 965
297 951
418 847
936 170
633 24
780 279
417 51
518 743
521 929
537 867
15 596
653 427
649 31
399 416
850 808
210 472
183 504
186 951
88 936
38 293
849 714
481 60
209 325
781 988
31 474
279 258
276 634
516 765
827 63
444 173
48 377
857 153
956 574
531 391
267 343
759 403
300 241
223 360
767 233
31 474
172 538
978 817
542 443
772 465
114 978
699 861
870 572
265 755
945 489
744 94
520 579
796 940
519 771
374 890
924 476
612 846
865 637
687 628
310 182
965 37
577 924
212 508
643 746
705 446
614 26
780 279
862 559
741 190
469 630
174 140
572 183
543 807
719 348
668 876
583 909
326 611
584 957
690 811
612 846
116 333
407 102
685 110
613 964
215 191
25 217
224 578
421 946
515 369
628 413
316 788
465 577
750 117
141 386
739 358
258 868
75 985
27 387
510 985
406 554
255 602
666 728
397 90
371 810
824 837
71 825
292 895
809 507
684 354
257 887
423 396
171 941
512 464
508 523
818 295
332 872
193 648
923 622
898 252
536 786
421 699
807 57
128 134
240 734
519 455
496 22
733 309
750 117
262 856
989 514
48 377
104 543
16 570
74 960
521 929
809 409
222 662
294 834
142 400
254 975
35 45
252 119
359 901
417 402
104 543
358 202
906 255
566 151
515 369
382 176
478 257
282 775
820 625
483 289
599 194
845 807
758 571
535 319
277 339
819 337
205 31
864 218
278 222
152 883
255 602
151 738
149 594
806 135
886 143
156 670
355 247
128 134
95 894
590 341
671 215
861 677
56 956
788 687
650 994
439 86
677 371
402 417
375 104
993 941
125 189
916 688
622 517
364 806
493 420
566 151
284 496
280 645
532 163
74 726
560 567
915 415
653 427
211 139
580 124
127 304
532 163
553 50
89 770
357 25
832 595
891 40
43 445
669 668
914 747
375 104
56 236
432 129
812 745
946 699
642 961
310 182
657 719
515 369
194 776
166 491
831 444
1000 529
975 859
951 696
670 235
310 484
703 320
924 476
747 731
514 857
322 314
611 697
144 633
104 543
413 711
139 682
418 430
523 772
291 838
518 137
493 420
834 11
615 643
290 497
351 909
587 54
48 377
416 989
300 241
9 942
956 236
305 408
787 363
644 572
519 455
924 476
83 115
397 90
768 91
954 64
694 44
946 421
590 341
521 929
198 48
246 946
860 597
657 719
364 806
624 256
393 832
831 444
555 540
860 597
406 839
560 567
226 422
18 888
215 582
99 415
9 264
22 290
676 141
996 863
279 258
972 945
313 601
105 589
663 750
115 603
928 55
361 763
768 974
981 674
143 87
657 719
457 672
17 42
14 282
858 23
323 384
110 735
97 448
281 852
205 31
417 51
887 815
207 179
9 942
421 946
899 627
417 51
775 212
359 901
535 658
306 913
318 452
554 216
33 927
180 83
271 981
921 699
47 446
656 966
380 558
79 29
745 833
173 581
688 661
68 546
578 879
38 293
706 930
226 422
669 668
370 933
33 927
86 254
296 591
868 865
504 730
230 336
181 796
962 599
379 664
26 410
140 299
116 333
251 952
297 186
493 420
3 32
944 441
778 839
434 773
11 967
502 306
205 649
647 30
119 23
37 562
303 936
188 703
465 577
849 714
884 322
815 972
701 526
702 380
825 917
398 976
549 205
678 289
128 134
295 949
948 775
173 581
810 96
410 33
34 537
986 883
972 945
928 55
273 551
212 165
515 369
425 702
330 141
302 671
815 972
387 402
931 897
441 150
266 844
102 638
202 436
53 164
991 785
434 773
107 375
313 601
905 315
260 689
43 445
506 54
722 364
248 862
487 824
525 974
531 391
778 839
409 999
1 16
79 29
813 180
465 577
783 766
352 22
266 844
334 231
393 832
409 509
258 868
852 259
853 353
617 560
531 101
574 109
591 307
512 464
547 617
148 21
476 860
935 496
72 608
173 581
533 249
710 148
549 649
955 830
186 297
817 755
228 71
328 703
365 874
762 916
604 661
333 889
214 995
143 669
808 389
262 856
97 461
598 310
373 791
271 584
499 457
883 855
719 348
662 716
260 689
412 39
315 519
240 734
937 684
24 77
938 704
575 142
170 439
319 13
935 496
910 905
512 464
228 71
66 534
340 271
562 655
457 672
419 476
357 25
636 937
342 679
299 708
799 125
454 935
735 260
799 125
586 746
3 32
603 240
249 997
795 559
212 165
292 895
592 616
1000 529
827 63
179 123
642 961
310 182
885 303
169 272
409 999
292 895
856 870
584 674
541 163
817 755
412 904
856 644
424 423
764 906
352 496
675 179
926 258
578 879
958 6
458 752
121 681
652 271
334 231
717 609
460 937
131 110
158 612
173 581
547 617
669 87
487 824
968 777
390 629
665 175
748 588
654 425
806 135
257 887
928 55
770 89
958 6
507 409
267 343
315 519
228 71
264 942
72 608
360 757
4 234
25 613
412 39
23 475
367 902
401 822
75 493
543 213
814 865
217 964
238 98
671 215
120 74
697 448
778 639
315 519
685 131
237 70
311 818
995 445
621 908
909 224
696 573
355 267
868 814
138 107
248 862
339 803
508 523
749 477
230 336
957 674
975 859
361 763
379 664
614 774
446 794
933 809
322 722
754 562
896 718
199 535
454 935
638 727
176 457
449 243
48 377
59 233
841 288
408 691
219 175
671 191
381 969
690 724
67 238
671 191
700 805
333 556
775 212
825 214
160 294
930 758
83 115
436 379
739 358
11 967
380 558
197 20
767 233
101 391
377 947
952 251
803 55
702 380
627 666
102 638
301 366
176 698
850 808
252 119
402 51
37 754
687 711
797 537
386 53
118 866
952 685
560 567
719 348
98 281
731 242
304 568
938 704
511 700
581 156
365 373
331 229
240 734
637 7
386 53
206 160
109 717
555 540
9 264
787 363
768 525
124 864
960 726
602 692
43 445
533 544
29 779
882 632
578 879
448 461
355 247
996 1
801 789
232 760
238 98
40 932
539 826
221 546
362 226
935 284
558 781
733 479
535 658
327 66
78 334
37 754
808 657
880 305
519 455
124 218
381 553
242 340
908 199
23 475
195 934
534 780
938 964
985 493
479 733
464 395
925 487
933 809
111 707
756 750
781 397
21 555
921 861
81 748
741 524
315 519
241 239
321 136
666 728
201 745
610 245
789 166
163 598
92 955
444 173
882 452
407 798
311 376
733 309
830 955
122 718
478 257
454 284
266 844
717 609
955 830
933 370
910 905
591 307
420 646
886 143
708 873
312 615
478 257
614 774
34 977
715 860
734 378
719 348
451 283
716 128
851 813
431 751
414 891
405 676
364 806
288 515
981 674
242 340
939 834
547 617
506 54
859 575
639 554
243 585
425 702
50 621
548 521
661 761
13 965
22 290
921 861
608 854
378 980
867 983
500 365
919 742
367 18
957 674
637 7
943 85
616 302
538 919
645 542
831 444
898 252
905 315
983 915
483 230
817 755
735 260
679 729
583 909
667 16
1 863
613 938
568 335
888 276
128 134
123 925
201 745
132 695
203 627
477 930
546 626
811 197
457 672
286 382
475 327
442 246
100 466
981 584
69 4
161 911
10 108
833 463
759 403
444 173
330 676
79 485
176 698
813 180
144 633
405 330
585 437
752 362
727 253
552 324
280 488
198 471
351 583
899 203
577 924
606 351
884 322
545 536
427 17
829 724
563 266
265 292
455 771
779 244
719 456
673 770
21 555
810 96
968 253
495 636
235 331
673 953
701 548
864 653
165 523
977 867
429 819
632 624
450 469
519 455
300 901
759 403
340 652
305 408
983 99
40 907
836 14
278 222
746 566
893 305
866 454
269 779
585 437
908 199
22 497
173 581
270 488
751 431
781 397
455 771
684 354
684 937
350 105
295 984
181 796
414 720
576 323
38 293
446 794
598 310
671 215
688 661
592 616
583 351
38 293
102 638
894 407
778 839
197 20
894 407
925 487
180 83
664 831
755 265
829 811
975 859
375 104
774 33
496 22
831 444
270 280
195 704
655 317
413 350
233 297
321 136
140 299
797 34
476 419
633 24
616 302
615 643
476 860
439 261
870 398
563 266
945 489
534 780
664 831
222 662
887 815
637 7
721 27
817 755
91 313
748 588
614 410
569 576
50 621
523 772
872 157
318 452
131 110
208 355
716 128
580 124
273 551
861 677
706 571
44 14
862 795
494 153
436 379
924 476
842 1000
72 608
971 621
667 570
115 603
300 241
48 377
836 14
127 304
294 939
980 278
647 30
345 804
246 421
394 428
543 845
551 495
591 307
389 657
165 523
297 186
93 248
759 403
834 11
681 38
317 705
638 777
167 310
70 629
573 355
973 273
459 954
386 53
239 841
849 714
142 683
307 851
848 606
401 822
792 744
586 566
954 468
490 356
75 493
439 261
67 98
605 20
637 7
875 114
951 696
775 948
706 930
689 768
986 883
642 961
414 891
381 969
341 383
985 75
351 909
255 602
192 345
231 526
677 371
24 77
105 589
397 922
814 959
300 241
631 40
276 990
176 457
764 906
386 53
398 644
391 458
318 452
189 931
305 880
267 343
674 957
360 757
121 681
405 330
121 681
674 848
389 719
4 234
117 944
159 281
974 525
130 619
322 314
420 646
105 589
841 288
331 79
56 956
752 362
206 160
982 898
584 981
768 974
362 422
754 37
772 465
381 553
749 477
493 420
54 506
858 23
805 19
396 856
722 314
241 239
346 506
297 951
262 856
678 483
420 646
258 868
58 484
13 965
592 616
203 899
385 296
636 937
898 252
944 441
713 78
607 796
345 804
172 919
569 576
940 763
529 505
80 473
503 500
601 923
399 416
398 572
31 474
260 689
779 269
159 852
842 482
717 609
431 3
378 980
208 573
143 669
713 492
747 731
96 418
204 188
445 550
623 203
6 381
762 916
220 328
629 545
308 587
591 307
674 848
241 753
694 836
401 822
456 356
578 879
85 832
918 120
597 246
963 311
745 833
69 784
572 183
762 916
941 146
884 322
280 488
335 285
285 826
648 510
889 821
929 130
12 392
833 196
979 126
365 373
950 289
249 997
615 643
138 107
861 677
941 561
945 489
43 445
394 593
962 599
863 667
578 879
701 526
443 737
951 696
991 92
454 935
668 876
282 723
667 16
731 242
169 272
538 742
172 538
861 677
296 591
223 360
535 658
739 358
83 115
339 803
400 219
570 569
234 610
348 356
627 842
841 288
356 799
748 588
533 544
438 374
112 593
800 913
186 297
831 444
154 693
53 164
307 851
204 220
224 578
706 571
393 85
381 969
791 739
735 260
64 468
994 118
790 783
11 967
118 866
305 691
365 373
530 968
274 405
462 517
120 74
114 978
320 712
679 473
231 526
758 116
478 257
494 56
737 359
377 947
754 37
480 44
397 147
683 219
937 354
712 733
241 753
732 122
773 656
102 638
466 680
945 489
478 257
968 777
366 405
694 480
500 365
819 502
61 227
229 79
600 303
833 463
897 311
464 395
477 706
589 401
29 779
434 773
492 713
746 566
62 39
312 615
502 337
698 176
539 367
432 2
353 27
164 127
422 783
886 143
574 109
78 334
186 951
150 973
20 605
176 698
599 194
514 857
446 794
112 958
705 446
48 471
155 524
87 668
898 252
799 189
417 51
114 978
695 694
150 973
175 749
899 627
990 634
662 716
383 611
656 966
614 871
686 384
510 75
106 66
972 945
534 780
467 106
381 969
429 819
668 876
456 490
472 210
530 253
647 30
197 20
336 827
870 572
661 650
632 624
379 664
748 588
751 32
104 543
943 393
448 97
591 307
960 520
395 713
903 996
292 895
637 7
40 907
603 240
485 269
457 672
560 567
243 585
521 929
442 246
740 884
268 394
382 176
945 489
83 115
490 456
356 799
629 920
925 487
355 247
387 402
495 551
180 83
51 72
750 117
895 943
110 735
620 268
973 273
394 428
190 741
757 228
602 692
522 157
197 20
794 65
170 439
631 40
534 780
291 838
80 473
815 972
27 387
63 792
841 288
772 465
402 417
322 314
414 631
195 411
354 885
386 53
707 596
75 985
92 955
603 240
466 680
604 650
755 292
407 102
853 27
981 957
958 6
795 546
426 38
132 695
79 485
143 87
987 113
832 595
949 816
946 921
558 781
960 726
260 689
945 489
683 400
84 67
56 236
398 572
432 2
947 291
683 400
192 345
293 178
24 77
232 312
633 24
850 808
22 177
446 794
538 742
569 576
418 430
134 690
601 923
548 435
554 216
216 372
831 444
824 837
735 260
539 826
533 249
612 846
849 714
564 744
866 454
82 370
479 309
108 81
930 706
797 34
763 185
293 178
228 71
23 475
663 750
206 160
177 497
947 291
325 169
822 453
532 541
851 813
583 351
231 701
266 844
629 545
444 173
802 492
437 12
234 610
127 304
693 820
601 923
646 347
479 654
880 408
197 20
64 181
465 577
349 316
923 622
704 195
456 356
936 88
75 493
717 840
135 440
414 720
570 569
17 42
830 886
596 207
102 638
190 524
259 438
359 901
92 955
546 626
79 485
696 573
64 468
498 961
542 443
772 465
506 54
871 33
566 151
505 527
402 417
615 643
760 615
519 455
394 428
135 459
776 900
170 439
388 169
796 940
51 72
749 477
401 822
601 923
444 173
197 605
123 925
288 515
867 977
381 969
670 235
917 995
525 313
870 398
440 954
310 484
702 380
118 866
33 927
393 85
241 239
620 268
758 571
398 644
240 734
323 992
222 278
813 180
355 247
163 167
320 712
145 300
252 119
823 782
538 172
914 747
292 895
830 955
289 230
244 464
235 229
919 172
772 465
371 810
811 197
715 597
7 193
681 426
477 706
527 505
481 250
299 708
828 424
116 333
335 826
497 290
673 770
207 675
425 702
912 243
72 608
710 536
705 47
362 226
606 351
663 750
390 70
620 268
250 339
30 132
557 275
88 936
80 729
425 702
550 892
557 275
68 546
7 193
906 255
734 378
49 580
121 426
272 470
684 354
371 810
95 894
740 884
368 749
95 894
106 66
896 138
355 267
344 329
501 673
437 12
287 41
846 769
288 515
683 400
27 387
76 270
106 66
604 761
768 525
670 235
453 612
673 770
597 442
681 38
444 173
458 752
41 321
636 937
429 819
416 989
898 252
225 231
809 409
789 166
69 784
778 406
70 390
320 712
27 387
854 342
71 825
400 219
213 845
918 120
221 795
980 222
405 330
245 45
840 808
979 778
823 762
322 722
357 25
149 595
587 308
909 224
280 645
141 386
489 849
880 691
353 27
329 875
399 416
851 813
833 196
848 606
997 275
733 479
744 94
396 262
790 766
809 507
857 153
791 739
504 730
935 496
475 106
874 791
11 967
95 894
760 312
504 730
115 603
822 158
817 265
991 92
398 183
117 944
518 137
983 915
323 992
221 68
780 279
912 585
330 141
582 982
612 846
367 902
459 440
399 416
886 143
872 157
864 653
393 832
53 164
623 899
593 428
471 48
899 203
387 417
255 602
667 16
581 156
197 605
680 200
64 468
163 598
129 49
657 719
461 434
253 172
432 2
237 390
431 32
583 909
834 939
973 273
214 43
619 318
463 196
276 990
575 683
969 971
981 674
928 803
121 681
402 417
278 662
687 413
159 852
749 477
806 135
561 941
998 884
868 959
901 241
520 363
661 650
993 561
668 876
939 11
751 431
28 986
808 389
134 829
541 163
528 759
785 955
426 38
425 702
753 841
894 407
838 301
118 866
403 82
249 997
724 811
485 269
105 589
17 42
771 455
50 971
230 336
841 288
185 565
247 267
471 48
567 725
778 406
878 590
96 430
534 780
916 688
972 945
607 796
50 621
131 110
417 51
1000 529
269 779
480 44
417 402
554 216
780 279
580 124
894 407
972 945
596 207
548 435
121 426
852 259
757 228
716 128
503 500
696 208
769 659
614 774
925 487
736 628
711 413
752 362
258 868
952 131
785 92
396 870
54 232
779 244
513 385
270 488
56 236
103 108
712 733
117 944
643 586
378 980
21 555
208 573
518 137
905 315
920 629
23 475
185 673
879 263
526 701
873 979
249 997
831 444
305 691
655 317
645 542
252 119
906 255
69 4
179 123
355 267
944 441
849 714
351 909
332 872
747 731
234 245
936 170
432 2
209 325
480 694
235 331
622 462
440 459
73 693
412 39
273 551
51 72
553 971
731 242
433 131
921 861
553 971
627 482
824 837
468 64
18 888
190 524
794 65
509 756
10 108
611 697
132 694
818 984
306 913
44 836
469 592
560 567
839 639
117 944
701 435
910 905
503 500
281 159
267 343
47 446
670 235
553 971
477 930
117 944
305 691
13 965
705 47
160 294
577 924
139 878
691 408
120 74
379 664
329 344
331 229
719 348
629 920
309 654
276 634
67 98
678 289
254 975
961 111
732 122
721 353
846 769
216 903
364 806
393 832
227 388
32 69
76 280
754 562
303 88
617 560
448 461
236 574
740 884
608 854
805 19
115 603
509 999
974 313
59 233
444 173
537 34
799 189
123 925
121 426
636 937
547 617
902 888
812 745
692 918
627 842
480 836
991 92
590 133
368 749
389 657
438 168
787 363
276 990
458 362
117 944
454 935
67 98
589 401
24 77
778 406
177 22
514 857
814 637
740 884
500 365
222 278
555 540
999 756
702 380
936 170
223 360
745 833
829 811
406 554
429 819
634 990
436 379
970 767
801 789
114 978
220 328
390 920
345 804
106 66
986 855
649 205
165 508
712 733
89 198
29 485
849 714
686 384
230 336
773 656
43 445
416 989
176 499
539 367
248 862
810 96
484 182
907 853
182 962
379 664
291 838
645 542
933 809
570 569
84 660
880 408
145 901
808 657
103 10
135 440
787 363
409 999
675 179
782 916
43 995
581 156
397 90
100 466
295 816
214 995
520 363
356 125
281 852
480 836
944 441
28 883
908 199
672 797
529 527
311 818
610 45
953 198
335 539
137 472
465 577
286 176
124 218
82 370
655 317
480 694
460 636
766 5
996 1
581 156
498 961
314 364
664 831
822 453
190 155
637 7
235 331
12 678
16 570
954 64
409 999
668 876
970 59
638 727
452 632
536 148
802 713
679 80
534 780
605 20
504 730
606 351
564 744
364 806
57 237
722 314
779 269
403 82
21 555
196 332
702 380
82 370
973 273
329 875
562 655
790 766
235 331
503 500
293 178
849 714
294 939
170 439
920 629
2 49
108 81
303 600
857 494
79 485
523 772
960 726
159 281
489 849
613 938
909 224
145 359
821 987
303 936
359 300
773 656
566 151
137 210
900 144
511 805
617 560
259 438
25 217
799 189
518 743
519 771
300 241
51 72
571 758
770 198
878 682
736 628
315 519
849 714
492 713
532 541
322 722
830 886
483 230
847 414
810 96
27 387
365 373
537 34
153 56
550 61
108 81
640 948
526 435
989 514
196 332
626 174
150 973
570 569
88 936
934 793
415 511
582 982
872 157
620 268
251 952
169 272
315 519
914 747
505 121
740 884
233 297
273 551
439 36
721 27
10
142 192 254 428 462 586 660 710 711 761
