100
2
1 972
1 487
1 292
1 32
2
1 564
1 447
1 551
1 -577
2
2
2
2
1 -997
2
1 -563
1 262
2
1 -185
1 -113
1 446
1 -107
1 7
2
2
2
1 842
1 317
2
1 917
1 -202
2
1 -670
1 539
1 296
1 197
1 313
1 634
1 -983
1 241
2
1 334
2
2
1 -9
2
1 -126
1 -5
1 -404
1 -257
1 809
1 -511
2
1 -165
1 -100
1 -228
1 860
1 -238
1 308
1 245
1 137
1 -767
1 -481
1 -973
1 -654
1 153
1 716
2
2
1 -820
1 456
1 -189
2
1 583
1 -773
2
1 -305
2
1 -333
1 -372
1 -387
1 -29
1 537
1 -320
1 741
1 -193
1 -242
1 481
2
1 -40
1 28
1 -86
1 -704
1 -61
1 -899
2
2
2
1 -418
