30 40
27 12 40 1 13 32 8 20 36 30 10 4 16 24 34 38 29 31 9 11 5 3 15 19 26 22 35 39 37 28
L 1 2
R 1 3
L 2 4
R 2 5
L 3 6
R 4 7
R 5 8
L 6 10
R 6 9
L 7 12
R 7 11
L 8 13
R 8 14
L 9 15
R 9 16
L 10 17
R 10 18
L 11 19
R 11 20
L 12 22
R 12 21
L 13 23
R 13 24
L 14 26
R 14 25
R 15 27
L 16 29
R 16 28
L 17 30
8 21
21 26
8 22
13 20
18 12
7 3
9 28
24 11
10 3
2 3
10 20
3 12
9 19
13 12
29 17
11 10
8 7
14 25
2 3
12 26
1 24
25 13
14 9
11 20
17 29
5 6
30 4
10 15
25 27
10 6
21 24
8 14
6 3
10 27
29 5
8 12
13 24
26 22
23 19
23 28
