100 100
85 150 49 127 200 21 83 113 149 166 23 1 50 101 116 140 189 154 29 10 74 100 106 125 136 146 196 183 161 151 37 27 9 17 75 61 87 110 104 124 132 138 145 148 198 194 187 173 163 155 153 34 47 25 4 19 12 81 67 58 95 108 111 105 102 118 134 129 139 137 141 147 197 190 186 188 176 168 162 165 157 152 35 32 38 48 24 6 2 20 15 11 80 82 70 60 56 99 91 109
L 1 3
R 1 2
L 2 4
R 2 5
L 3 6
R 3 7
L 4 8
R 4 9
L 5 10
L 6 12
R 6 11
L 7 13
L 8 14
R 8 15
L 9 16
L 10 18
R 10 17
R 11 19
R 12 20
R 13 21
L 14 22
R 14 23
R 15 24
L 16 25
R 16 26
L 17 28
R 17 27
L 18 30
R 18 29
L 19 32
R 19 31
L 20 33
R 20 34
L 21 36
R 21 35
L 22 37
L 23 39
R 23 38
L 24 40
L 25 41
R 25 42
L 26 43
R 26 44
L 27 46
R 27 45
L 28 48
R 28 47
L 29 50
R 29 49
R 30 51
L 31 52
R 31 53
L 32 54
L 33 55
L 34 57
R 34 56
R 35 58
L 36 60
R 36 59
R 37 61
L 38 62
R 38 63
L 39 65
R 39 64
L 40 66
L 41 68
R 41 67
L 42 70
R 42 69
L 43 71
L 44 72
L 45 73
L 46 74
L 47 75
R 47 76
L 48 78
R 48 77
L 49 79
R 49 80
R 50 81
L 51 82
L 52 84
R 52 83
L 53 85
R 53 86
L 54 87
L 55 89
R 55 88
R 56 90
L 57 92
R 57 91
L 58 93
R 58 94
R 59 95
L 60 97
R 60 96
L 61 99
R 61 98
R 62 100
94 25
74 33
6 87
54 5
26 32
49 60
3 90
90 42
80 7
96 19
81 48
94 64
15 9
56 29
40 75
55 42
31 96
57 6
100 39
14 7
82 13
64 52
23 53
64 5
56 5
47 22
77 91
83 56
66 93
26 6
81 21
42 42
93 6
91 18
2 9
55 87
74 56
55 86
66 71
27 6
23 34
34 7
14 40
67 41
96 99
97 26
35 54
36 16
95 78
51 28
37 25
15 70
55 82
86 54
38 51
2 81
71 81
89 86
35 75
72 9
51 48
37 51
97 57
43 12
77 28
6 64
44 43
28 47
64 66
62 1
38 53
29 90
27 54
85 11
32 53
73 59
18 35
16 11
59 70
42 75
91 84
94 58
47 16
61 54
62 100
61 86
95 77
8 30
56 74
68 35
22 73
90 60
22 8
28 61
73 97
2 24
37 71
77 59
95 27
55 92
