1000 100
570 999 566 1317 998 3 1110 1740 867 361 1109 1272 1444 1821 868 737 194 431 1000 1275 1195 1644 1318 1927 1820 939 787 612 96 268 538 362 1002 1279 1196 1161 1538 1739 1363 1874 1971 1780 913 956 739 840 610 691 52 130 233 307 491 565 428 1087 1316 1246 1160 1166 1495 1605 1695 1423 1337 1899 1844 1999 1950 1784 1758 890 938 943 981 776 816 842 592 647 703 80 25 112 155 260 219 331 269 522 458 550 403 1097 1047 1291 1270 1222 1141 1183 1477 1520 1624 1573 1713 1663 1380 1424 1344 1326 1885 1918 1831 1861 1988 1937 1969 1801 1768 1748 903 877 927 944 972 988 753 779 829 803 856 609 583 671 632 716 694 89 65 20 37 100 124 175 143 267 249 222 205 323 348 282 503 536 442 469 539 564 415 383 1108 1096 1036 1059 1281 1300 1257 1235 1212 1150 1124 1167 1185 1457 1481 1512 1521 1618 1631 1563 1589 1698 1730 1657 1685 1389 1372 1435 1352 1338 1325 1332 1896 1876 1905 1921 1827 1840 1867 1857 1980 1989 1928 1944 1960 1794 1809 1761 1773 1746 1756 897 908 884 869 933 915 950 975 961 986 992 768 747 783 836 819 798 812 847 863 603 587 577 662 681 620 639 725 708 702 87 95 60 73 24 14 46 28 105 121 184 166 135 150 261 254 241 228 199 212 330 313 353 341 291 273 509 499 532 447 437 484 465 546 557 421 407 393 378 1102 1090 1041 1019 1055 1076 1290 1292 1310 1261 1249 1228 1241 1213 1205 1154 1146 1131 1116 1174 1189 1449 1470 1489 1499 1519 1527 1623 1612 1637 1627 1552 1568 1581 1597 1707 1723 1738 1652 1658 1693 1673 1414 1381 1365 1376 1437 1431 1357 1348 1339 1323 1329 1334 1888 1897 1879 1902 1910 1919 1925 1824 1829 1837 1842 1870 1864 1854 1859 1983 1975 1992 1931 1947 1940 1964 1957 1790 1799 1804 1814 1765 1760 1778 1770 1743 1754 899 892 906 910 879 886 873 936 931 919 948 954 974 978 965 959 985 997 990 771 765 744 749 781 785 835 839 822 817 796 801 814 807 849 844 858 866 605 595 590 586 575 581 667 654 676 684 628 616 634 646 720 731 712 704 695 81 93 62 55 76 68 22 9 18 49 44 30 27 109 104 116 181 192 159 171 136 132 146 265 250 258 243 236 231 224 200 196 207 216 327 310 318 358 351 338 345 287 302 277 506 516 500 495 529 534 446 453 439 435 481 488 467 461 541 549 554 561 417 427 412 405 401 391 381 370 1100 1103 1088 1093 1040 1044 1031 1008 1057 1052 1083 1070 1283 1295 1305 1312 1266 1259 1255 1247 1223 1229 1237 1244 1219 1208 1200 1156 1153 1144 1148 1136 1125 1114 1120 1178 1170 1192 1188 1454 1446 1466 1473 1490 1485 1507 1497 1517 1525 1530 1621 1615 1609 1640 1633 1626 1630 1560 1545 1571 1565 1585 1579 1599 1594 1700 1711 1725 1721 1736 1654 1647 1661 1689 1671 1677 1417 1398 1386 1369 1364 1373 1377 1443 1436 1433 1427 1359 1349 1345 1342 1322 1324 1331 1328 1333 1889 1886 1898 1878 1882 1903 1900 1913 1907 1920 1926 1822 1825 1830 1828 1835 1841 1868 1871 1865 1863 1848 1858 1981 1985 1979 1974 1997 1991 1936 1930 1949 1946 1943 1938 1961 1967 1953 1959 1792 1787 1795 1800 1802 1806 1818 1811 1762 1766 1759 1779 1775 1772 1769 1744 1755 1750 902 893 891 907 905 912 909 882 878 885 888 871 875 937 935 932 924 917 949 947 952 973 977 971 962 960 957 982 996 989 991 775 770 766 758 746 742 751 748 780 782 784 786 831 837 821 828 818 797 795 802 799 815 813 810 804 850 848 843 846 857 861 865 608 604 594 598 591 589 584 572 576 578 582 665 670 648 656 678 674 690 683 630 626 615 617 637 633 641 719 723 729 735 713 710 705 696 83 94 92 63 53 57 74 78 69 67 23 13 4 19 17 48 51 45 43 29 31 26 106 111 103 117 114 179 183 191 193 164 157 169 173 138 133 144 148 263 252 255 259 246 242 238 235 232 230 223 225 203 197 195 206 208 215 217 328 308 311 316 322 359 356 352 350 332 340 346 342 284 288 296 303 278 276 508 515 517 502 496 493 531 525 533 535 443 452 457 438 440 433 436 473 487 489 468 466 463 460 540 543 547 556 551 562 418 424 413 410 404 406 397 402 392 388 382 380 372 369 1101 1098 1104 1089 1094 1092 1038 1045 1042 1033 1028 1011 1005 1058 1056 1053 1048 1077 1086 1066 1071 1284 1282 1298 1294 1308 1303 1311 1314 1264 1269 1260 1258 1250 1248 1224 1234 1239 1236 1242 1221 1217 1206 1202 1197 1158 1155 1151 1142 1145 1147 1139 1132 1129 1112 1123 1118 1181 1177 1171 1168 1190 1193 1187 1453 1456 1445 1468 1461 1476 1471 1491 1482 1486 1510 1505 1498 1496 1518 1515 1523 1526 1529 1536 1620 1616 1611 1608 1638 1642 1634 1632 1625 1628 1561 1553 1542 1551 1572 1567 1564 1588 1582 1580 1576 1600 1591 1595 1699 1706 1712 1709 1724 1729 1720 1722 1734 1737 1653 1655 1649 1646 1659 1692 1687 1672 1666 1675 1679 1422 1416 1392 1383 1388 1371 1368
L 1 3
R 1 2
L 2 5
R 2 4
L 3 6
L 4 7
R 4 8
L 5 9
R 6 10
L 7 11
R 7 12
L 8 13
R 8 14
L 9 16
R 9 15
L 10 17
R 10 18
L 11 19
L 12 21
R 12 20
L 13 23
R 13 22
L 14 25
R 14 24
R 15 26
L 16 28
R 16 27
L 17 29
R 17 30
L 18 32
R 18 31
R 19 33
R 20 34
L 21 36
R 21 35
L 22 37
R 22 38
R 23 39
L 24 40
R 24 41
L 25 42
L 26 43
R 26 44
L 27 45
R 27 46
L 28 47
R 28 48
L 29 49
R 29 50
L 30 51
R 30 52
L 31 53
R 31 54
R 32 55
R 33 56
R 34 57
R 35 58
L 36 59
R 36 60
L 37 61
R 37 62
L 38 63
L 39 65
R 39 64
L 40 67
R 40 66
L 41 69
R 41 68
L 42 71
R 42 70
L 43 72
R 43 73
L 44 74
R 44 75
R 45 76
L 46 77
R 46 78
L 47 79
L 48 80
R 48 81
L 49 83
R 49 82
L 50 84
R 50 85
L 51 87
R 51 86
L 52 89
R 52 88
L 53 91
R 53 90
L 54 92
L 55 93
L 56 95
R 56 94
L 57 96
L 58 98
R 58 97
L 59 99
R 60 100
L 61 101
R 61 102
L 62 104
R 62 103
L 63 106
R 63 105
L 64 107
R 64 108
L 65 110
R 65 109
L 66 111
R 66 112
L 67 113
R 67 114
L 68 115
L 69 116
R 69 117
R 70 118
L 71 120
R 71 119
L 72 122
R 72 121
L 73 123
R 74 124
L 75 125
R 75 126
L 76 127
R 76 128
L 77 130
R 77 129
R 78 131
L 79 133
R 79 132
L 80 135
R 80 134
L 81 137
R 81 136
L 82 139
R 82 138
L 83 140
R 83 141
L 84 142
R 84 143
L 85 145
R 85 144
L 86 147
R 86 146
L 87 149
R 87 148
L 88 150
R 88 151
R 89 152
L 90 153
R 90 154
L 91 155
R 91 156
L 92 157
R 92 158
L 93 160
R 93 159
L 94 162
R 94 161
L 95 163
R 95 164
L 96 165
R 96 166
L 97 167
L 98 169
R 98 168
L 99 171
R 99 170
L 100 172
R 100 173
L 101 174
R 101 175
L 102 176
R 102 177
L 103 178
R 103 179
L 104 180
R 104 181
L 105 182
R 105 183
L 106 184
R 106 185
L 107 187
R 107 186
R 108 188
L 109 190
R 109 189
L 110 191
R 110 192
L 111 194
R 111 193
L 112 195
R 112 196
L 113 197
R 113 198
L 114 200
R 114 199
L 115 201
R 115 202
L 116 203
R 116 204
L 117 205
L 118 206
R 118 207
L 119 208
R 119 209
L 120 210
R 120 211
L 121 212
R 121 213
L 122 215
R 122 214
L 123 217
R 123 216
R 124 218
L 125 220
R 125 219
L 126 221
R 126 222
L 127 224
R 127 223
R 128 225
L 129 227
R 129 226
L 130 228
R 130 229
L 131 230
R 131 231
L 132 232
L 133 234
R 133 233
L 134 235
R 134 236
L 135 237
R 135 238
L 136 240
R 136 239
R 137 241
L 138 242
R 138 243
L 139 244
R 139 245
L 140 247
R 140 246
L 141 249
R 141 248
R 142 250
L 143 251
L 144 253
R 144 252
L 145 254
R 145 255
L 146 256
L 147 258
R 147 257
R 148 259
L 149 260
R 149 261
L 150 263
R 150 262
L 151 265
R 151 264
L 152 267
R 152 266
L 153 269
R 153 268
L 154 270
L 155 272
R 155 271
L 156 274
R 156 273
R 157 275
L 158 276
L 159 278
R 159 277
L 160 280
R 160 279
L 161 281
L 162 282
L 163 284
R 163 283
L 164 285
R 164 286
R 165 287
L 166 288
R 166 289
L 167 291
R 167 290
L 168 292
R 168 293
L 169 295
R 169 294
L 170 297
R 170 296
L 171 299
R 171 298
R 172 300
R 173 301
L 174 302
R 174 303
R 175 304
L 176 305
R 176 306
R 177 307
L 178 309
R 178 308
L 179 311
R 179 310
L 180 312
R 180 313
L 181 314
R 181 315
R 182 316
L 183 317
R 183 318
L 184 319
R 184 320
L 185 322
R 185 321
L 186 324
R 186 323
L 187 325
R 187 326
L 188 328
R 188 327
L 189 330
R 189 329
R 190 331
L 191 332
L 192 333
R 192 334
L 193 335
R 193 336
R 194 337
L 195 338
R 195 339
L 196 340
R 196 341
L 197 342
R 197 343
L 198 344
R 198 345
L 199 347
R 199 346
L 200 348
R 200 349
L 201 351
R 201 350
R 202 352
R 203 353
L 204 355
R 204 354
L 205 357
R 205 356
L 206 358
R 206 359
L 207 360
R 207 361
L 208 363
R 208 362
L 209 365
R 209 364
L 210 366
L 211 367
L 212 369
R 212 368
L 213 370
R 213 371
L 214 372
R 214 373
R 215 374
L 216 376
R 216 375
R 217 377
L 218 378
R 218 379
L 219 380
R 219 381
L 220 383
R 220 382
L 221 384
L 222 386
R 222 385
L 223 388
R 223 387
L 224 389
R 224 390
L 225 391
R 225 392
L 226 393
R 226 394
L 227 396
R 227 395
L 228 397
R 228 398
L 229 400
R 229 399
L 230 402
R 230 401
L 231 403
R 231 404
L 232 406
R 232 405
L 233 408
R 233 407
L 234 409
R 234 410
L 235 412
R 235 411
L 236 413
R 236 414
L 237 416
R 237 415
L 238 417
R 238 418
L 239 419
R 239 420
L 240 422
R 240 421
L 241 423
L 242 424
L 243 425
L 244 427
R 244 426
L 245 429
R 245 428
L 246 430
L 247 431
R 247 432
L 248 434
R 248 433
L 249 436
R 249 435
L 250 438
R 250 437
L 251 439
L 252 440
R 252 441
L 253 442
R 253 443
L 254 445
R 254 444
L 255 446
R 256 447
L 257 448
R 257 449
L 258 451
R 258 450
L 259 453
R 259 452
L 260 455
R 260 454
L 261 456
R 261 457
L 262 458
L 263 459
R 263 460
L 264 462
R 264 461
L 265 463
R 265 464
L 266 465
R 266 466
R 267 467
L 268 468
R 268 469
L 269 471
R 269 470
L 270 472
R 270 473
L 271 474
R 271 475
L 272 477
R 272 476
L 273 478
R 273 479
L 274 481
R 274 480
L 275 482
R 275 483
L 276 484
R 276 485
L 277 486
R 277 487
L 278 489
R 278 488
L 279 491
R 279 490
L 280 493
R 280 492
L 281 494
R 281 495
L 282 496
R 282 497
L 283 498
R 283 499
L 284 501
R 284 500
L 285 503
R 285 502
L 286 505
R 286 504
L 287 506
R 288 507
L 289 508
R 289 509
L 290 511
R 290 510
L 291 513
R 291 512
L 292 514
R 292 515
L 293 516
R 293 517
R 294 518
L 295 520
R 295 519
L 296 522
R 296 521
L 297 523
R 297 524
L 298 526
R 298 525
L 299 527
R 299 528
L 300 530
R 300 529
L 301 532
R 301 531
L 302 534
R 302 533
L 303 535
R 303 536
L 304 538
R 304 537
L 305 540
R 305 539
L 306 541
L 307 542
R 307 543
L 308 544
L 309 546
R 309 545
L 310 548
R 310 547
L 311 549
R 311 550
L 312 552
R 312 551
L 313 554
R 313 553
L 314 556
R 314 555
L 315 558
R 315 557
L 316 559
R 316 560
L 317 562
R 317 561
L 318 563
L 319 565
R 319 564
R 320 566
L 321 567
L 322 568
R 322 569
L 323 571
R 323 570
R 324 572
L 325 574
R 325 573
L 326 575
R 326 576
L 327 578
R 327 577
L 328 580
R 328 579
R 329 581
L 330 583
R 330 582
R 331 584
L 332 585
R 332 586
L 333 588
R 333 587
L 334 589
L 335 591
R 335 590
R 336 592
L 337 593
R 337 594
L 338 596
R 338 595
L 339 598
R 339 597
R 340 599
R 341 600
L 342 601
R 342 602
L 343 604
R 343 603
L 344 605
L 345 606
L 346 607
R 346 608
L 347 610
R 347 609
L 348 611
L 349 612
L 350 613
R 350 614
L 351 616
R 351 615
L 352 618
R 352 617
L 353 620
R 353 619
L 354 622
R 354 621
L 355 624
R 355 623
L 356 625
R 356 626
L 357 627
R 357 628
L 358 630
R 358 629
L 359 631
R 359 632
L 360 633
R 360 634
L 361 636
R 361 635
L 362 637
R 362 638
L 363 639
L 364 641
R 364 640
L 365 643
R 365 642
R 366 644
L 367 646
R 367 645
R 368 647
L 369 649
R 369 648
L 370 651
R 370 650
L 371 653
R 371 652
L 372 655
R 372 654
L 373 656
R 373 657
L 374 658
R 374 659
L 375 661
R 375 660
R 376 662
L 377 664
R 377 663
L 378 666
R 378 665
L 379 667
L 380 668
L 381 669
L 382 671
R 382 670
L 383 673
R 383 672
L 384 674
L 385 675
L 386 676
R 386 677
L 387 679
R 387 678
L 388 681
R 388 680
L 389 683
R 389 682
L 390 685
R 390 684
L 391 686
R 391 687
L 392 688
R 392 689
L 393 690
L 394 691
L 395 692
R 395 693
R 396 694
L 397 696
R 397 695
L 398 698
R 398 697
L 399 700
R 399 699
L 400 702
R 400 701
L 401 704
R 401 703
L 402 705
R 402 706
L 403 707
R 403 708
L 404 709
L 405 711
R 405 710
L 406 712
R 406 713
L 407 715
R 407 714
L 408 716
L 409 717
R 409 718
L 410 719
R 410 720
L 411 721
R 411 722
L 412 723
R 412 724
L 413 726
R 413 725
L 414 728
R 414 727
L 415 730
R 415 729
L 416 731
R 416 732
L 417 734
R 417 733
L 418 735
L 419 736
R 419 737
L 420 738
R 420 739
L 421 741
R 421 740
R 422 742
R 423 743
R 424 744
L 425 746
R 425 745
R 426 747
L 427 748
R 427 749
L 428 750
R 428 751
L 429 753
R 429 752
R 430 754
L 431 756
R 431 755
L 432 758
R 432 757
L 433 759
R 433 760
L 434 762
R 434 761
L 435 763
R 435 764
L 436 765
L 437 766
R 437 767
L 438 768
L 439 770
R 439 769
L 440 771
R 440 772
L 441 773
R 441 774
L 442 776
R 442 775
L 443 777
R 443 778
R 444 779
R 445 780
L 446 781
R 446 782
L 447 783
R 448 784
L 449 785
R 449 786
L 450 788
R 450 787
L 451 790
R 451 789
L 452 792
R 452 791
L 453 793
R 453 794
R 454 795
L 455 797
R 455 796
L 456 798
R 456 799
L 457 800
R 457 801
R 458 802
L 459 803
R 459 804
L 460 805
R 460 806
L 461 808
R 461 807
L 462 810
R 462 809
L 463 811
R 463 812
L 464 814
R 464 813
L 465 815
R 465 816
L 466 817
R 466 818
L 467 820
R 467 819
R 468 821
L 469 822
R 469 823
R 470 824
L 471 826
R 471 825
L 472 828
R 472 827
L 473 829
R 473 830
L 474 831
L 475 832
R 475 833
L 476 834
R 476 835
L 477 836
R 477 837
L 478 838
L 479 839
R 479 840
L 480 842
R 480 841
L 481 844
R 481 843
L 482 845
R 482 846
L 483 847
L 484 849
R 484 848
R 485 850
R 486 851
L 487 852
L 488 854
R 488 853
L 489 855
R 489 856
L 490 857
R 490 858
L 491 860
R 491 859
L 492 862
R 492 861
L 493 864
R 493 863
L 494 866
R 494 865
R 495 867
R 496 868
L 497 870
R 497 869
L 498 871
L 499 873
R 499 872
L 500 875
R 500 874
L 501 877
R 501 876
L 502 879
R 502 878
L 503 881
R 503 880
L 504 882
R 504 883
L 505 884
R 505 885
L 506 887
R 506 886
L 507 889
R 507 888
L 508 891
R 508 890
L 509 892
R 509 893
L 510 894
R 510 895
L 511 897
R 511 896
L 512 898
R 513 899
R 514 900
R 515 901
L 516 903
R 516 902
L 517 904
L 518 906
R 518 905
L 519 907
L 520 909
R 520 908
L 521 911
R 521 910
L 522 912
L 523 913
R 523 914
L 524 915
L 525 917
R 525 916
R 526 918
L 527 919
L 528 921
R 528 920
L 529 923
R 529 922
L 530 925
R 530 924
L 531 926
R 531 927
L 532 928
L 533 929
R 533 930
L 534 931
L 535 933
R 535 932
L 536 935
R 536 934
R 537 936
L 538 937
R 538 938
L 539 940
R 539 939
L 540 942
R 540 941
L 541 944
R 541 943
L 542 945
R 542 946
L 543 947
R 543 948
L 544 949
R 545 950
L 546 952
R 546 951
L 547 953
R 547 954
L 548 956
R 548 955
L 549 957
L 550 958
L 551 960
R 551 959
L 552 961
R 552 962
R 553 963
L 554 965
R 554 964
L 555 967
R 555 966
L 556 969
R 556 968
R 557 970
L 558 971
R 558 972
L 559 973
R 559 974
L 560 976
R 560 975
L 561 977
R 561 978
L 562 979
R 562 980
L 563 981
R 563 982
L 564 983
R 564 984
L 565 986
R 565 985
L 566 987
L 567 989
R 567 988
L 568 991
R 568 990
L 569 992
R 569 993
L 570 995
R 570 994
L 571 996
L 572 997
R 572 998
L 573 1000
R 573 999
757 645
556 772
453 654
106 778
754 923
253 858
256 143
114 717
158 413
147 684
337 343
613 862
127 559
994 973
549 753
393 945
490 991
881 595
818 540
377 67
411 706
123 435
355 436
757 154
48 556
591 467
374 918
287 947
341 427
408 878
57 720
758 402
200 764
731 722
719 165
950 972
670 252
271 780
311 684
684 695
523 55
416 337
829 337
126 607
669 11
42 902
806 417
368 610
160 173
979 247
807 698
536 220
834 233
104 827
789 567
722 875
799 637
110 758
925 319
123 275
509 718
458 685
820 446
488 178
360 272
416 852
47 601
215 44
591 161
974 842
475 614
740 358
36 78
761 371
934 160
28 326
295 396
526 347
131 678
821 137
226 375
546 185
185 116
907 762
693 485
130 456
435 943
68 513
371 43
98 183
24 965
987 992
193 621
736 113
708 209
87 759
998 433
890 964
11 338
141 272
