50
93 11 27 61 26 91 36 86 5 13 37 26 49 48 21 71 8 15 37 10 95 35 71 11 82 75 2 8 80 50 5 40 88 93 58 34 92 91 25 85 53 100 86 64 65 84 91 78 97 37
31 97 50 62 65 71 22 26 15 51 41 12 2 48 80 34 89 1 47 81 69 48 43 24 42 47 13 22 23 4 84 4 93 37 17 11 87 41 17 43 12 95 62 78 9 37 8 100 72 46
100
15 22 30 37
11 11 39 39
2 4 9 11
9 18 7 16
12 18 2 8
38 50 15 27
20 25 18 23
16 16 18 18
19 19 33 33
19 21 26 28
19 34 11 26
47 48 47 48
22 30 20 28
27 35 18 26
4 43 10 49
35 44 5 14
39 40 21 22
31 36 11 16
7 8 39 40
31 38 11 18
29 36 13 20
10 11 17 18
14 15 9 10
29 31 19 21
24 25 24 25
30 31 29 30
44 50 2 8
4 48 5 49
29 30 25 26
21 23 33 35
11 17 40 46
6 15 25 34
4 8 44 48
9 17 41 49
5 5 40 40
15 22 5 12
47 50 43 46
12 18 22 28
20 49 5 34
44 48 33 37
34 36 29 31
12 19 14 21
15 21 14 20
34 38 27 31
1 5 38 42
12 16 39 43
23 27 9 13
17 48 15 46
17 17 29 29
42 45 28 31
41 45 5 9
14 23 19 28
14 44 5 35
30 37 28 35
2 15 24 37
9 13 5 9
9 17 33 41
35 41 15 21
3 8 27 32
34 36 14 16
6 29 20 43
27 28 32 33
5 10 36 41
23 31 4 12
5 31 23 49
29 33 1 5
22 30 19 27
4 8 3 7
6 10 32 36
1 38 9 46
4 10 38 44
49 50 10 11
40 40 21 21
29 31 45 47
35 43 3 11
49 50 34 35
13 16 34 37
44 46 24 26
30 34 11 15
42 46 25 29
29 37 8 16
17 24 4 11
6 6 36 36
41 46 12 17
4 6 48 50
1 3 2 4
18 23 31 36
15 30 33 48
43 50 11 18
12 34 10 32
4 11 20 27
13 14 11 12
24 24 22 22
11 24 25 38
32 40 24 32
10 15 1 6
30 34 40 44
5 9 42 46
10 30 25 45
46 50 38 42
