1000 1000 142 294
434 944 111
58 663 39
51 922 54
100 697 11
24 606 112
904 270 45
386 32 19
83 982 56
827 651 68
26 204 87
197 178 29
334 343 88
308 784 63
303 3 121
119 937 72
630 846 89
859 862 20
673 507 64
72 725 1
922 434 45
562 199 20
225 486 49
137 441 20
566 326 60
409 563 67
527 92 25
163 620 78
928 913 94
106 147 31
342 911 103
655 232 90
163 37 22
158 713 29
638 183 35
863 669 40
152 844 6
485 357 94
239 158 30
138 485 69
766 421 108
593 344 66
115 572 120
147 218 57
193 363 72
499 275 47
572 555 99
930 402 32
103 821 3
371 304 93
361 980 49
760 945 47
651 246 96
51 135 8
20 95 19
510 927 100
421 445 5
620 673 118
950 173 1
125 708 96
807 581 39
46 968 62
288 880 35
663 698 15
105 253 91
3 275 76
898 864 82
443 17 29
877 280 109
84 373 61
351 359 84
268 276 26
795 109 87
313 702 95
670 950 21
290 298 82
972 623 29
731 272 22
762 509 6
918 997 122
98 830 97
405 211 1
962 149 61
305 134 99
285 170 75
774 904 46
520 552 41
692 869 68
438 110 22
816 640 68
925 447 9
809 877 71
751 458 65
27 717 72
106 354 4
743 61 86
392 710 47
225 278 116
128 378 1
537 527 53
507 437 78
331 951 119
503 777 30
15 763 37
880 743 21
49 710 99
18 592 103
26 508 23
696 900 76
45 846 97
89 759 42
323 281 116
677 23 105
887 862 74
916 384 40
203 756 54
391 392 77
434 530 116
197 179 75
371 469 32
240 64 122
820 712 105
925 441 34
453 999 61
592 815 4
209 387 50
789 85 21
161 9 48
544 128 93
624 923 80
558 549 14
127 605 82
930 651 17
835 833 87
569 148 107
706 964 68
910 393 26
450 830 81
703 179 111
746 310 73
174 155 22
295 996 81
624 578 120
673 197 116
666 65 5
699 651 73
583 467 76
206 330 10
155 278 10
806 484 122
979 918 48
540 238 87
635 386 28
570 929 22
23 733 13
306 82 69
618 998 86
624 650 56
538 272 71
571 446 17
25 579 87
448 216 19
990 465 59
535 732 103
738 2 40
84 324 84
724 113 119
727 493 38
13 292 45
740 32 39
21 679 56
956 322 12
996 442 27
587 100 117
257 503 95
912 907 39
335 213 42
607 65 63
563 368 2
474 794 56
591 942 41
428 488 25
402 803 77
613 752 39
638 430 91
897 539 1
449 418 17
65 534 25
404 414 74
352 714 40
447 269 80
582 860 94
83 55 58
329 678 75
438 302 68
640 900 49
851 490 55
94 697 16
279 302 73
389 351 21
606 320 79
112 82 39
115 933 63
647 342 18
603 450 32
735 396 13
547 188 12
872 914 95
725 529 6
773 800 10
152 517 36
767 179 98
517 838 56
202 581 51
427 857 59
991 539 109
587 635 94
201 510 74
68 824 77
912 219 101
976 911 72
721 547 79
94 731 71
171 451 67
486 508 121
3 981 74
528 812 36
937 942 35
701 947 67
401 646 42
572 604 101
363 179 111
847 317 89
12 22 20
267 619 35
651 772 95
908 916 3
804 766 48
574 290 43
184 777 69
821 855 3
499 39 70
662 292 1
565 61 112
596 248 63
994 715 54
220 319 78
98 639 16
537 752 72
817 874 70
528 222 35
216 553 26
741 849 95
794 165 120
941 2 92
296 332 13
98 154 91
270 629 39
474 619 77
468 592 122
560 69 86
813 76 58
434 627 55
283 663 79
41 235 76
993 954 101
588 322 42
32 346 122
309 406 51
939 784 110
66 834 35
946 626 122
965 37 113
939 208 89
533 651 115
956 472 87
83 691 47
819 570 48
558 559 70
46 364 90
983 375 36
123 567 15
526 966 123
897 968 73
155 243 16
109 992 117
549 586 122
159 941 19
999 329 84
602 639 98
870 259 105
15 507 49
788 384 94
530 348 13
512 979 39
388 77 44
164 539 74
719 656 98
238 18 10
318 426 96
151 137 118
338 732 104
391 186 74
269 916 41
663 269 86
715 34 23
509 940 116
228 219 99
252 646 97
60 882 88
33 623 91
956 906 43
903 127 98
326 285 88
596 783 46
948 472 42
650 503 83
713 76 25
959 99 36
942 391 108
133 177 55
551 321 38
715 340 92
356 296 32
569 940 75
401 700 118
360 132 69
453 459 65
408 731 6
247 118 98
897 820 46
156 98 30
35 205 11
586 313 25
29 228 86
521 6 3
737 29 7
965 76 84
30 645 57
589 136 95
293 771 52
623 682 37
845 409 116
634 561 86
800 31 48
570 268 47
3 233 19
735 153 35
714 324 35
814 273 77
81 573 90
975 282 37
588 210 24
525 4 99
112 470 68
33 701 103
184 417 85
488 557 39
841 406 90
56 882 46
438 676 100
567 886 78
780 286 52
732 580 68
711 131 44
812 574 59
500 318 110
790 602 79
581 894 10
775 408 48
224 176 57
896 734 18
376 424 65
307 100 113
970 556 121
881 632 64
522 401 5
518 92 102
212 291 48
51 779 77
283 498 23
436 927 1
309 799 104
736 918 48
92 660 102
316 776 104
583 185 43
272 83 62
511 799 57
592 640 90
210 641 122
612 155 72
644 430 25
40 526 12
521 465 41
893 646 23
908 9 26
510 629 45
540 881 30
676 287 42
809 753 112
595 869 67
355 419 52
163 213 15
204 383 84
799 383 108
929 583 73
777 425 119
52 356 59
788 101 81
461 127 42
401 486 60
940 609 27
955 950 89
209 219 89
955 331 108
309 102 9
364 902 62
518 213 32
255 978 21
47 942 71
713 739 99
309 661 36
121 540 13
251 537 64
154 903 121
575 373 56
71 978 120
283 704 18
426 188 30
213 358 61
11 428 115
895 516 14
479 994 39
967 263 103
551 508 51
864 86 56
693 827 10
488 796 77
618 851 41
16 287 101
163 423 21
263 660 26
575 434 77
127 56 22
547 855 17
910 992 21
494 609 30
839 874 99
765 324 114
535 890 66
40 587 67
688 198 81
179 775 70
1 331 49
614 887 12
731 294 29
670 978 85
318 563 91
266 454 81
154 585 59
462 485 64
103 707 62
979 107 81
301 729 122
333 505 79
884 877 117
740 773 76
430 311 23
955 312 114
544 841 22
828 662 26
773 716 34
419 306 25
778 122 37
374 31 51
923 753 50
140 64 40
509 742 34
202 305 119
202 879 7
983 907 103
400 192 28
434 716 113
890 792 72
806 157 1
413 169 28
613 42 38
876 635 86
874 221 58
845 313 122
965 388 70
162 226 102
67 671 108
809 449 117
716 130 2
877 222 88
187 657 26
922 387 6
66 359 107
580 856 62
435 982 48
849 680 114
880 882 93
898 474 112
675 197 39
135 472 109
207 221 68
848 395 100
765 986 51
884 85 123
824 561 83
390 845 52
338 43 81
323 719 20
116 982 91
349 410 31
762 3 16
187 272 50
357 374 30
7 353 84
991 562 27
54 688 105
922 938 8
604 764 67
130 561 49
637 249 58
542 763 71
157 589 55
603 146 53
801 659 45
961 634 102
588 307 54
596 716 40
379 960 37
852 415 75
305 888 92
221 546 20
548 808 30
48 428 116
366 742 59
896 861 83
757 533 87
662 850 45
947 612 109
478 796 80
534 471 114
504 577 87
713 453 10
271 850 80
722 936 39
53 612 52
82 56 62
989 759 6
160 88 115
656 738 119
998 600 94
473 949 10
978 593 27
33 357 102
719 964 71
843 651 42
801 427 65
353 549 35
85 303 107
21 620 112
158 1000 114
841 485 45
41 336 82
24 336 115
754 905 38
802 516 41
181 466 40
788 529 118
302 934 102
750 372 82
817 884 119
627 407 111
315 640 52
100 902 117
814 209 12
110 867 102
905 681 67
951 242 93
254 552 22
581 998 106
683 665 39
39 634 7
433 388 97
402 433 102
192 50 13
413 159 26
153 988 69
917 430 88
818 253 114
714 810 36
430 603 66
40 853 109
819 618 34
903 524 35
546 289 106
772 551 46
66 18 116
918 229 93
612 846 9
649 246 68
952 775 90
558 607 75
520 989 114
113 906 6
744 898 116
914 619 34
388 246 106
5 116 109
314 835 19
50 34 111
827 105 123
869 653 35
839 164 99
527 164 112
678 649 35
603 831 30
871 349 62
474 627 108
973 182 16
839 458 113
76 471 22
108 832 23
913 281 45
700 551 37
432 173 61
150 636 48
603 666 27
640 319 14
450 925 55
466 71 52
821 732 23
751 796 43
604 18 40
160 979 48
288 807 62
952 870 27
263 109 4
40 729 78
931 764 15
221 222 60
196 262 92
765 194 63
10 308 87
230 14 4
651 15 18
415 30 7
171 975 103
933 405 82
151 48 109
736 264 81
809 728 51
243 830 20
111 3 48
375 863 101
44 95 78
944 58 112
798 464 28
767 285 16
790 933 75
726 784 51
707 641 107
679 746 76
591 491 90
726 627 97
976 918 44
602 344 39
385 890 72
760 395 40
814 977 19
192 928 97
924 955 9
78 729 25
62 922 117
882 43 10
1 663 103
328 655 118
41 355 116
185 386 74
249 159 93
545 981 22
560 29 36
711 557 38
487 12 111
959 428 102
12 399 16
603 550 123
777 215 83
774 430 13
229 773 123
296 334 46
2 297 36
917 154 14
677 998 86
338 51 34
142 859 85
958 251 1
5 279 34
283 246 42
713 161 84
759 230 108
233 393 11
21 131 75
736 734 1
498 663 63
696 454 28
937 251 96
580 682 90
416 480 120
812 270 79
777 735 9
469 174 72
586 122 39
503 444 38
773 624 62
149 787 90
137 13 7
464 359 9
743 967 82
965 74 116
557 370 66
434 857 80
47 365 69
93 933 76
969 275 94
837 947 73
966 68 83
935 812 53
460 817 48
34 502 25
246 611 73
779 737 50
888 108 93
458 962 23
735 324 59
475 747 14
359 710 5
550 601 17
746 712 12
704 37 13
272 159 17
680 316 112
449 944 6
794 7 100
253 416 25
16 700 12
796 38 69
251 547 53
719 891 54
566 305 66
453 529 106
740 152 33
126 825 22
245 285 23
940 363 60
213 329 48
413 778 19
341 297 38
739 397 16
296 910 9
956 784 25
351 614 16
666 841 86
918 489 32
579 611 70
613 84 41
154 6 100
823 601 77
260 165 98
686 22 63
868 886 123
725 49 53
201 718 1
669 995 53
963 243 34
905 50 68
841 920 31
825 828 30
925 148 19
339 875 21
646 531 42
805 516 92
573 867 110
877 535 8
593 281 101
713 690 95
683 946 63
247 62 88
970 194 92
7 360 65
913 320 74
635 457 98
628 800 123
766 583 2
311 152 87
738 234 122
559 363 40
128 104 64
318 329 122
348 201 27
867 293 5
199 611 99
936 525 23
491 895 115
170 310 12
259 834 95
637 950 28
24 709 114
814 240 6
916 774 105
110 859 64
43 77 63
766 651 102
501 568 4
125 479 104
614 687 105
124 905 50
511 528 31
187 105 30
26 620 72
345 499 86
249 968 113
247 388 95
111 989 58
101 9 101
653 817 19
965 615 39
343 644 77
419 524 31
237 532 41
443 229 65
11 769 52
619 654 35
393 489 116
372 638 53
755 621 31
749 711 58
705 227 114
176 698 15
353 274 69
531 137 84
432 353 68
9 180 102
629 448 122
463 469 39
246 964 16
791 635 44
257 592 24
584 563 46
317 879 22
259 946 91
94 843 54
472 692 9
100 793 101
919 57 92
940 739 103
432 290 85
326 740 17
91 912 91
389 847 21
681 718 92
722 721 16
585 498 61
546 978 118
795 120 97
891 249 74
617 671 6
579 933 88
345 58 64
249 348 63
525 464 22
266 319 122
426 508 52
13 788 17
244 541 106
711 827 81
609 167 29
361 402 36
130 529 2
29 18 32
141 117 115
484 519 69
693 132 24
34 995 107
400 103 31
208 371 116
912 15 11
338 449 19
395 941 96
287 32 92
363 34 42
204 492 11
255 33 122
841 823 86
368 496 112
58 157 31
517 939 94
631 161 40
175 585 119
316 773 27
582 125 44
834 407 13
210 174 30
60 358 6
506 951 19
867 113 73
857 736 71
243 608 101
4 475 10
948 873 99
605 576 63
617 980 15
179 865 44
860 304 13
664 670 70
336 924 71
905 811 10
734 590 76
98 461 33
577 704 118
1000 377 122
338 774 31
820 309 19
892 833 120
975 173 33
633 983 5
664 807 7
707 848 29
776 847 53
668 810 95
855 412 44
126 383 119
827 441 103
868 722 36
744 717 34
136 846 117
331 67 64
890 6 83
766 123 27
831 166 53
376 839 99
496 961 57
82 103 103
439 496 24
442 422 28
397 834 14
956 194 116
951 422 55
996 296 71
324 370 3
565 997 45
369 208 48
869 646 70
773 316 73
198 225 40
477 687 104
319 858 75
777 599 107
969 159 77
853 964 40
507 436 53
449 517 22
847 648 18
186 265 91
730 798 18
231 607 56
376 109 74
596 278 58
965 177 44
530 509 108
677 72 16
973 292 113
133 373 59
389 209 56
551 952 100
270 725 78
706 723 29
503 20 8
16 327 15
703 553 49
583 725 104
43 311 105
673 262 99
306 377 25
731 644 14
505 163 122
521 566 46
183 206 93
705 168 64
347 680 103
60 208 92
168 562 104
48 266 18
248 960 81
704 901 39
110 373 10
