50 100 39 30
30 18 701
39 10 709
10 12 786
30 35 389
12 43 30
35 11 578
30 2 169
18 47 756
11 4 386
39 9 611
30 32 786
9 7 600
11 35 471
10 32 390
7 6 886
2 22 360
35 9 701
11 49 669
12 46 432
32 27 674
11 25 276
39 8 552
11 3 473
8 41 406
27 10 467
6 19 105
27 20 835
8 40 81
7 16 306
41 43 982
43 34 719
49 35 907
32 25 73
10 48 194
35 50 631
48 4 25
4 36 855
18 35 124
11 28 316
30 48 387
43 27 204
35 25 766
10 19 553
22 35 359
43 30 935
9 15 143
22 14 774
35 1 693
1 5 568
3 39 690
47 8 182
18 48 848
9 49 967
35 1 141
1 10 161
9 49 947
40 7 236
6 22 187
35 14 715
48 19 34
34 31 68
6 17 2
47 22 819
25 9 85
39 19 875
49 18 54
10 26 773
25 24 297
22 27 740
46 6 908
35 44 544
25 44 734
47 18 643
34 10 592
46 7 945
14 41 162
7 11 955
35 40 255
27 36 831
47 32 772
44 40 200
12 35 142
44 32 724
24 6 314
40 34 455
35 49 849
4 11 330
41 20 691
47 1 105
24 45 36
11 38 756
43 12 550
34 16 644
12 14 326
48 42 784
27 36 642
6 40 241
8 29 793
32 43 164
20 43 588
