1000 1200 672 650
42 33 33 34 47 43 34 19 25 42 4 5 8 21 24 16 10 45 0 49 46 19 22 14 36 28 25 20 12 1 2 13 45 3 24 4 8 10 36 47 38 6 20 21 29 50 1 44 25 46 23 11 27 3 18 3 32 9 36 4 33 25 40 26 17 13 14 23 29 26 43 36 35 32 31 47 16 21 5 38 33 48 1 9 47 50 49 12 0 37 20 27 39 9 50 27 38 0 26 18 41 0 17 8 21 14 33 32 44 25 4 34 25 50 0 17 14 40 6 46 45 34 4 37 35 41 23 41 22 31 11 3 21 34 2 5 20 10 4 28 44 31 18 28 14 44 32 13 36 48 1 34 35 46 13 13 14 14 10 26 14 32 3 4 44 3 14 50 8 45 46 5 16 24 0 20 12 10 1 11 16 10 43 11 47 19 23 0 29 5 17 28 15 9 8 46 16 37 8 34 15 33 42 39 15 43 29 12 40 0 0 47 34 7 33 2 44 8 30 25 32 8 49 25 4 4 47 32 40 8 13 3 5 11 14 49 46 20 23 7 12 39 14 9 34 49 21 42 5 8 47 17 6 48 48 34 40 3 37 9 35 27 9 48 4 41 30 16 10 26 19 50 43 37 31 41 41 33 8 8 18 3 50 33 3 26 18 33 15 47 40 49 38 11 2 0 41 5 33 9 20 6 39 37 14 16 7 12 34 29 31 20 39 13 50 6 31 50 33 5 42 1 35 2 38 22 36 41 1 1 17 21 3 17 37 35 18 4 44 31 25 22 38 9 11 45 15 44 31 10 16 2 26 18 27 8 45 31 31 7 40 19 16 45 3 36 11 49 13 21 37 24 28 25 7 39 2 16 8 17 46 1 11 25 8 36 39 40 19 4 30 42 0 19 50 6 2 43 45 38 33 44 37 41 37 48 32 27 38 37 4 50 16 15 34 26 2 39 25 35 23 13 6 5 33 11 17 10 4 20 46 17 1 43 21 30 45 37 6 5 30 15 0 43 15 37 16 45 29 49 0 20 34 29 17 17 25 11 9 19 43 47 29 27 0 20 9 9 3 42 23 12 12 10 9 27 0 13 32 31 35 23 47 47 21 22 49 32 16 6 40 42 9 2 22 35 5 8 21 44 23 34 13 4 48 48 28 21 10 8 1 44 16 37 1 27 30 50 39 13 11 27 39 36 49 28 26 45 33 11 34 9 11 11 45 47 10 5 39 27 6 31 48 30 29 42 2 29 23 8 47 27 30 21 34 44 8 50 44 40 50 49 35 41 20 8 41 28 16 26 24 2 36 7 22 13 44 25 37 13 50 13 24 0 6 18 19 16 45 18 22 48 45 7 23 48 27 10 11 15 38 7 47 32 31 15 19 12 46 25 26 27 47 14 49 30 33 18 26 38 47 23 41 30 1 25 10 46 0 31 1 12 44 26 6 49 29 19 12 13 4 14 13 7 26 12 24 50 22 36 13 2 4 20 28 30 27 25 42 28 35 31 19 47 15 49 34 38 50 26 11 12 13 28 9 44 33 33 30 1 29 27 46 8 0 33 49 45 34 18 18 46 33 16 49 39 30 14 29 49 14 25 8 34 13 45 35 8 22 42 35 22 8 30 12 2 34 14 14 21 0 18 42 8 28 12 46 9 50 27 23 36 41 6 22 17 24 37 43 10 5 18 7 19 50 18 3 2 9 43 33 28 12 36 50 4 1 27 39 6 21 35 3 24 3 18 6 26 37 2 19 48 43 39 48 23 17 10 17 1 12 18 32 26 27 29 41 14 20 43 32 43 20 31 39 27 2 41 33 22 43 48 31 9 44 41 27 48 25 13 18 43 45 13 19 25 11 41 26 22 17 33 47 48 37 42 36 16 28 37 10 8 34 30 32 47 3 36 34 39 14 9 6 21 9 44 18 7 44 30 21 32 40 0 8 41 42 50 10 25 32 34 32 16 25 5 36 41 41 47 31 11 40 20 18 4 28 1 18 32 34 45 24 0 39 23 4 32 0 36 49 37 6 16 34 11 50 33 14 6 44 47 38 39 43 32 4 23 21 9 21 19 10 0 30 42 38 34 16 26 7 14 21 21 49 22 50 19 28 36 32 26 20 44 46 12 10 43 19 15 10 48 29 14 16 6 22 34 33 6 20 5 10 43 7 37 38 8 10 20 32 41 29 33 13 28 12 23 42 50 39 24 13 17 30 37 19 39 16 28 40 20 46 7 29 45 13 31 31 30 7 6 30 4 5 20 29 11 24 29
1 235
2 128
2 242
2 708
3 441
4 907
5 828
6 327
7 628
9 210
10 165
11 206
11 282
11 760
12 188
13 373
14 329
14 375
14 593
15 115
16 292
17 322
18 277
18 601
19 26
19 117
20 241
20 417
20 848
21 865
23 532
24 638
24 845
24 854
25 390
26 703
27 42
28 226
28 508
28 765
29 89
29 718
30 663
31 198
32 88
32 222
32 680
33 415
33 772
34 548
34 744
35 144
38 780
39 391
40 651
40 797
41 530
41 837
42 111
42 125
43 697
43 753
44 389
45 537
46 662
46 813
47 461
48 137
48 206
48 441
49 292
49 736
50 252
50 857
53 554
55 135
56 201
57 704
58 300
59 257
60 691
60 745
61 702
61 811
61 989
62 188
62 939
63 719
63 760
65 998
67 145
67 308
68 221
68 757
68 762
70 297
70 724
72 612
74 342
74 563
75 668
76 516
76 637
76 701
77 83
77 222
77 481
77 866
78 663
82 581
83 224
83 843
83 986
85 967
86 925
87 97
87 244
87 852
88 258
89 876
90 296
90 421
91 555
91 667
91 709
91 965
92 217
92 875
93 546
94 423
94 692
94 888
95 653
97 461
97 624
97 937
98 252
98 643
99 132
99 618
101 573
101 822
103 521
103 930
103 932
104 647
106 633
106 718
108 914
111 299
111 302
111 709
112 383
112 499
115 553
115 925
116 759
117 376
117 539
120 135
121 143
121 774
122 787
125 176
125 452
129 615
130 958
132 515
134 404
138 200
139 781
142 302
144 619
144 764
146 160
147 543
147 601
147 816
149 562
149 911
150 523
150 836
151 606
151 811
152 581
153 352
154 784
154 851
155 156
156 327
156 343
156 910
158 470
159 399
159 782
161 786
163 524
163 716
164 304
164 514
166 609
166 948
167 590
168 482
168 500
168 801
169 782
170 575
170 621
170 929
171 333
171 479
172 385
172 440
174 600
174 822
176 208
176 582
177 256
177 812
178 214
178 898
179 766
179 909
180 493
183 496
185 426
186 650
186 881
189 321
189 739
189 998
190 750
191 648
195 483
195 551
196 279
196 300
196 710
197 389
200 690
200 798
201 359
202 757
202 807
202 812
203 524
204 671
207 278
208 251
208 717
209 566
209 879
210 968
212 626
212 774
213 743
214 607
216 334
217 248
218 236
218 310
218 545
219 882
220 838
221 308
221 466
221 580
222 531
222 653
222 715
223 546
223 711
223 909
224 670
226 617
228 353
229 263
229 772
230 950
232 331
232 454
233 761
235 456
236 251
236 413
236 414
236 548
236 757
239 359
240 969
243 816
243 913
245 533
245 982
246 274
246 640
246 652
246 665
248 881
248 964
249 619
249 974
250 487
252 655
254 566
255 963
257 335
258 667
258 954
260 373
260 802
262 400
262 856
263 303
263 850
263 875
264 452
265 450
265 564
265 600
266 350
267 339
268 450
268 561
268 660
269 597
269 690
271 776
271 836
271 974
273 645
273 754
273 966
274 797
275 711
275 757
276 743
277 737
280 457
280 682
280 851
281 594
281 962
282 569
283 349
283 866
286 602
287 783
288 588
289 825
289 859
290 839
293 1000
294 423
294 894
295 572
296 561
296 897
296 977
297 747
298 323
301 378
301 476
301 566
304 862
304 990
305 983
306 351
307 399
307 987
308 808
310 400
311 731
311 924
311 931
313 773
314 450
315 802
315 923
316 507
316 587
316 805
317 511
317 556
317 920
317 968
321 787
322 608
323 598
324 518
325 412
325 753
327 679
327 833
328 841
331 621
331 865
332 585
333 402
333 678
334 380
334 774
334 879
335 673
335 736
335 745
335 804
336 682
336 886
337 606
337 640
338 870
339 386
339 633
340 368
341 740
342 468
342 786
342 788
342 839
343 734
345 583
347 418
348 710
349 449
349 850
350 669
352 751
352 894
353 740
354 801
354 941
355 677
356 843
359 381
360 557
360 779
362 488
362 775
364 724
368 704
371 697
371 828
374 896
375 513
375 870
376 450
376 668
377 996
379 620
380 553
383 600
383 743
383 828
383 856
384 663
384 998
385 947
387 459
387 551
387 847
388 545
389 601
389 704
391 927
392 402
393 850
395 499
395 919
396 456
396 475
396 492
396 582
398 659
399 605
400 692
401 894
401 964
402 662
403 573
403 652
403 779
405 832
406 694
407 874
411 525
412 775
412 867
415 529
415 820
415 984
417 503
417 884
418 637
418 668
419 624
421 569
422 639
422 939
424 584
424 797
425 733
427 694
428 976
429 524
429 975
430 497
431 433
432 825
432 833
433 742
433 914
435 683
436 437
436 678
437 452
437 612
438 693
439 886
440 585
440 858
440 859
440 939
441 628
442 483
443 446
444 495
444 510
444 982
445 855
446 750
447 719
448 663
449 615
449 635
451 739
451 778
451 830
451 853
452 465
453 562
454 935
456 772
457 796
459 596
460 943
461 664
461 699
464 569
464 815
464 931
465 574
466 807
466 932
467 931
468 685
468 725
468 934
469 873
470 686
470 971
472 732
472 882
474 619
475 585
475 638
476 955
477 601
477 945
478 694
479 896
479 974
480 876
481 904
484 662
484 770
484 774
485 533
485 850
486 589
486 816
488 831
490 605
490 687
491 622
492 786
493 668
494 529
494 798
496 709
497 648
498 613
498 698
498 965
499 981
501 859
502 507
502 945
503 509
503 549
503 800
505 947
506 574
508 813
509 640
510 581
510 915
511 513
511 941
513 944
514 532
514 846
516 575
516 974
517 772
517 781
517 860
518 715
519 949
520 708
520 821
522 642
522 1000
523 801
523 914
525 893
526 538
527 674
528 726
528 977
531 609
532 960
533 933
534 756
535 757
536 561
536 718
536 830
538 580
538 612
539 874
543 911
545 815
545 894
545 919
545 935
546 661
546 955
547 767
547 811
548 994
549 1000
550 605
552 656
552 841
553 655
553 934
556 821
556 841
558 588
559 697
559 885
561 713
561 822
561 833
563 597
564 780
565 922
565 951
566 573
566 913
567 773
568 713
569 597
569 962
570 649
570 952
572 651
572 786
572 829
572 880
573 746
574 753
577 585
578 909
579 598
580 795
581 676
581 908
581 915
582 588
585 833
586 770
586 822
586 848
586 938
587 667
587 986
588 810
589 969
590 595
590 687
590 854
590 926
591 792
592 640
592 711
594 664
594 773
594 865
594 922
595 796
596 640
596 678
597 832
597 985
599 990
600 673
600 833
604 713
604 739
604 953
606 696
606 703
608 920
609 695
610 766
610 906
614 827
614 891
614 929
614 992
616 954
617 620
617 796
618 717
620 1000
625 834
625 905
627 703
627 788
628 788
629 976
630 890
631 650
632 975
633 864
633 950
634 772
634 915
635 660
635 859
638 702
638 814
640 670
640 721
640 982
641 978
643 671
643 996
644 657
644 846
646 728
646 911
648 810
653 752
653 811
654 724
655 751
657 671
657 675
657 678
658 664
659 704
659 720
659 874
659 962
660 828
660 923
662 753
662 840
662 903
666 739
666 764
668 767
670 709
671 735
671 871
671 874
672 820
673 698
675 715
675 725
675 824
677 984
679 732
680 715
681 946
683 751
685 788
686 779
686 800
688 722
688 728
688 789
688 981
689 982
690 762
690 774
692 766
692 840
692 916
692 931
692 988
693 927
693 996
694 735
695 766
695 988
696 806
696 905
696 928
699 793
699 830
700 845
701 800
701 982
701 987
703 721
703 757
704 717
705 821
706 883
707 772
707 945
708 743
709 717
711 738
711 995
714 855
716 979
717 867
717 871
718 783
719 874
720 959
725 890
728 837
728 838
728 855
729 967
729 974
731 915
732 797
732 976
733 742
734 825
734 941
734 960
734 991
737 826
738 884
738 997
739 932
740 917
740 953
741 915
742 897
742 927
743 802
743 909
743 956
743 978
743 993
744 933
745 833
745 869
745 941
747 781
748 863
748 988
748 990
750 775
750 831
750 843
752 783
752 887
753 984
754 920
754 939
754 967
755 829
755 832
755 875
755 984
756 775
757 839
758 766
758 867
759 950
761 853
762 960
762 979
764 884
765 775
766 788
767 934
768 936
769 847
770 816
771 804
771 918
772 979
772 984
773 954
774 869
776 839
776 898
777 957
779 783
779 958
780 843
783 831
784 832
784 876
784 937
785 840
786 818
787 830
787 838
787 880
787 967
789 918
790 856
791 967
792 890
792 952
792 965
792 997
793 826
793 904
795 826
795 902
795 978
796 967
797 953
798 808
798 953
799 894
799 928
801 898
802 933
804 819
804 869
805 933
806 923
807 844
807 960
808 888
808 918
812 830
812 931
813 964
814 864
815 817
815 906
816 881
816 909
817 928
818 913
819 886
819 900
819 953
820 833
820 913
821 967
822 894
822 989
823 886
823 897
823 989
826 881
826 887
828 894
828 935
828 979
830 868
830 925
830 940
831 832
832 903
833 866
833 912
833 961
834 912
835 935
836 940
837 875
837 992
839 900
840 951
841 888
842 851
842 857
843 982
844 939
846 948
846 952
848 984
848 987
850 854
850 864
850 865
850 896
850 975
850 977
852 858
852 914
852 927
854 946
854 968
855 876
855 981
856 995
857 864
857 954
859 940
859 986
862 941
862 996
864 883
865 909
868 892
868 908
869 933
869 983
870 921
871 872
873 929
873 974
874 981
878 889
878 896
878 957
878 980
878 986
879 988
880 884
880 885
881 931
882 928
883 921
883 926
885 894
886 912
887 935
888 908
888 914
888 982
889 983
890 977
892 945
893 929
894 962
895 996
896 927
896 961
896 988
897 940
898 907
898 979
901 945
901 992
902 946
902 973
903 976
903 978
906 931
906 991
907 908
907 953
907 966
907 976
908 912
908 992
909 911
909 954
911 957
912 930
912 941
913 982
914 917
915 920
915 936
915 970
916 935
917 951
917 985
917 997
918 943
919 947
919 956
921 964
923 960
925 970
925 975
925 989
926 961
927 976
928 929
928 971
930 943
930 962
930 980
931 935
931 986
932 939
932 958
935 976
936 966
937 943
940 961
940 996
941 957
942 973
942 992
943 997
944 989
945 978
945 990
945 991
947 994
948 975
948 981
948 984
949 968
949 981
950 999
951 958
951 978
953 968
954 970
954 971
957 999
959 992
959 997
960 972
961 964
961 982
961 992
962 974
962 991
963 975
963 984
965 984
965 986
966 974
967 986
967 995
969 970
969 983
970 984
970 994
970 999
971 987
972 976
974 996
976 987
977 979
977 984
977 995
977 996
979 988
980 995
981 998
982 992
982 998
982 999
983 987
984 987
984 988
985 998
986 992
986 996
986 998
989 990
989 993
990 993
991 993
991 994
992 998
994 999
995 998
995 1000
996 999
997 998
997 1000
998 999
999 1000
