20
3361 7340 9358 12112 3021 16105 13911 1176 14645 19266 11349 29 7191 10672 5266 2083 18722 14820 300 8968
1450 16444 6650 13480 18054 17227 16571 13851 18955 15443 9384 2959 9048 13077 11456 12288 1302 19949 8565 8867
7522 5039 13205 18750 15475 15853 1789 18263 4462 19086 16237 2684 9108 2316 11039 7149 17947 6030 17464 1152
8335 13719 5571 13589 14030 4047 19683 10674 4016 14882 7870 2329 2746 11994 17085 17267 14056 3951 7972 12340
16146 18384 13029 5893 7310 13773 8885 15481 19181 127 19864 8048 19734 7235 11750 141 9729 1144 1003 13137
14179 18157 7795 2135 2191 12224 3022 10532 17681 9556 16407 8378 16659 11735 13672 12446 12956 12379 722 16987
3822 1531 18210 17785 5020 3954 6165 4261 5899 18541 13254 19914 9909 15326 12592 5309 2916 8319 9356 3571
11753 5930 6790 15273 19065 5750 4839 3006 9106 7452 7617 10931 3319 17391 19827 10343 4040 365 10383 5611
9836 18035 2518 7398 7214 3566 7979 1087 5828 17864 12895 8054 18291 2822 18319 4609 16828 8951 2809 12323
11005 15462 9995 10828 2356 10645 19119 6741 17252 13523 2402 12474 604 7188 12276 4207 18491 271 13041 5600
11432 14672 2807 3473 18495 14289 12607 304 13362 18888 6981 5231 3550 12975 18069 619 14903 3782 11719 10118
7635 14877 15032 19096 11698 13662 5232 14278 6471 12479 18553 4889 6748 6264 8503 3344 4611 16374 17720 18784
13185 2068 14978 12641 15055 14811 418 1480 15349 10006 18842 17858 7317 8430 11280 4401 1164 6667 12455 60
13800 9504 5773 12445 18569 3302 7890 13273 9121 11418 2532 14682 19712 12250 1349 1505 12264 3975 6568 14901
4405 10416 15531 3634 4122 943 16632 9710 16326 19999 5233 6772 819 10039 1343 10755 4143 1615 14792 6227
19574 17504 19047 15130 7874 6503 4682 16630 19837 8024 10 3621 7543 14953 2942 17982 13671 14313 6233 10071
2661 11625 10595 11531 19813 13872 7818 1132 4974 3835 1778 10186 3025 15698 12829 11449 18669 6009 15567 1741
14942 10231 1156 18622 4587 16213 339 3623 1274 11600 18156 9917 13304 2863 19201 5111 6049 11764 2862 1442
2219 18363 15091 14269 11082 9067 14031 959 13400 594 181 18287 6983 4180 960 8373 13721 19585 11925 4948
12174 4217 4166 8780 4955 8293 4551 17282 16236 16930 19403 4271 7458 19489 6810 297 16453 19246 9467 8538
200
R 11
R 9
C 20
R 2
R 16
R 8
R 11
R 16
C 20
R 10
C 2
R 1
C 20
R 13
C 9
C 7
R 17
C 5
R 2
R 15
C 7
R 15
C 5
R 6
C 17
C 5
C 4
R 17
R 15
C 18
C 3
R 12
C 14
C 2
R 3
C 13
C 11
R 19
R 15
C 9
C 3
C 11
C 2
R 12
R 11
R 8
C 9
R 4
R 19
R 6
C 2
R 19
R 10
R 3
C 13
R 11
C 8
C 14
C 8
R 8
C 14
R 6
R 11
C 9
R 13
C 19
R 12
R 17
R 2
C 3
C 3
C 14
C 2
C 17
C 6
C 12
R 10
R 20
C 18
C 3
C 7
C 16
R 11
C 19
R 14
R 19
C 2
R 14
R 9
R 17
C 13
R 5
C 15
R 19
R 4
R 8
C 10
R 2
R 13
C 9
C 11
C 15
C 5
C 5
C 7
C 16
R 20
C 13
C 19
R 5
C 16
R 6
C 12
R 4
C 13
R 8
R 7
R 12
R 4
C 13
R 14
R 20
C 7
R 18
C 12
C 16
C 15
C 4
R 19
R 10
R 4
R 15
R 16
R 9
C 16
C 17
R 17
C 20
C 15
R 11
C 13
C 19
C 10
R 14
R 6
C 20
R 20
C 2
R 18
R 19
C 7
C 14
R 4
R 17
R 18
C 5
C 2
R 11
C 14
R 12
C 6
C 6
C 7
R 18
C 7
R 12
C 3
R 14
R 7
R 9
R 18
C 14
R 20
R 14
C 14
C 7
R 17
R 13
R 8
C 18
C 1
C 14
R 7
C 3
R 19
R 18
R 19
R 8
R 2
C 18
R 11
C 6
R 9
C 16
C 8
R 18
C 6
R 4
R 8
R 12
